1
1
1
1
1
1
1
1
1
1
1
1.00050037
1.00050037
1.00050037
1.00050037
1.00050037
1.00050037
1.00050037
1.00050037
1.00050037
1.00050037
1.00050037
1.001002883
1.001002883
1.001002883
1.001002883
1.001002883
1.001002883
1.001002883
1.001002883
1.001002883
1.001002883
1.001002883
1.001507521
1.001507521
1.001507521
1.001507521
1.001507521
1.001507521
1.001507521
1.001507521
1.001507521
1.001507521
1.001507521
1.00201323
1.00201323
1.00201323
1.00201323
1.00201323
1.00201323
1.00201323
1.00201323
1.00201323
1.00201323
1.00201323
1.002522135
1.002522135
1.002522135
1.002522135
1.002522135
1.002522135
1.002522135
1.002522135
1.002522135
1.002522135
1.002522135
1.003032112
1.003032112
1.003032112
1.003032112
1.003032112
1.003032112
1.003032112
1.003032112
1.003032112
1.003032112
1.003543152
1.003543152
1.003543152
1.003543152
1.003543152
1.003543152
1.003543152
1.003543152
1.003543152
1.003543152
1.003543152
1.004057396
1.004057396
1.004057396
1.004057396
1.004057396
1.004057396
1.004057396
1.004057396
1.004057396
1.004057396
1.004057396
1.00457164
1.00457164
1.00457164
1.00457164
1.00457164
1.00457164
1.00457164
1.00457164
1.00457164
1.00457164
1.00457164
1.005090153
1.005090153
1.005090153
1.005090153
1.005090153
1.005090153
1.005090153
1.005090153
1.005090153
1.005090153
1.005090153
1.005608665
1.005608665
1.005608665
1.005608665
1.005608665
1.005608665
1.005608665
1.005608665
1.005608665
1.005608665
1.005608665
1.006128239
1.006128239
1.006128239
1.006128239
1.006128239
1.006128239
1.006128239
1.006128239
1.006128239
1.006128239
1.006128239
1.006651019
1.006651019
1.006651019
1.006651019
1.006651019
1.006651019
1.006651019
1.006651019
1.006651019
1.006651019
1.007175933
1.007175933
1.007175933
1.007175933
1.007175933
1.007175933
1.007175933
1.007175933
1.007175933
1.007175933
1.007175933
1.007701909
1.007701909
1.007701909
1.007701909
1.007701909
1.007701909
1.007701909
1.007701909
1.007701909
1.007701909
1.007701909
1.008230019
1.008230019
1.008230019
1.008230019
1.008230019
1.008230019
1.008230019
1.008230019
1.008230019
1.008230019
1.008230019
1.008760271
1.008760271
1.008760271
1.008760271
1.008760271
1.008760271
1.008760271
1.008760271
1.008760271
1.008760271
1.008760271
1.009291586
1.009291586
1.009291586
1.009291586
1.009291586
1.009291586
1.009291586
1.009291586
1.009291586
1.009291586
1.009291586
1.009823964
1.009823964
1.009823964
1.009823964
1.009823964
1.009823964
1.009823964
1.009823964
1.009823964
1.009823964
1.010359547
1.010359547
1.010359547
1.010359547
1.010359547
1.010359547
1.010359547
1.010359547
1.010359547
1.010359547
1.010359547
1.010896192
1.010896192
1.010896192
1.010896192
1.010896192
1.010896192
1.010896192
1.010896192
1.010896192
1.010896192
1.010896192
1.011436042
1.011436042
1.011436042
1.011436042
1.011436042
1.011436042
1.011436042
1.011436042
1.011436042
1.011436042
1.011436042
1.011975893
1.011975893
1.011975893
1.011975893
1.011975893
1.011975893
1.011975893
1.011975893
1.011975893
1.011975893
1.011975893
1.01251894
1.01251894
1.01251894
1.01251894
1.01251894
1.01251894
1.01251894
1.01251894
1.01251894
1.01251894
1.01251894
1.013063058
1.013063058
1.013063058
1.013063058
1.013063058
1.013063058
1.013063058
1.013063058
1.013063058
1.013063058
1.013063058
1.013608238
1.013608238
1.013608238
1.013608238
1.013608238
1.013608238
1.013608238
1.013608238
1.013608238
1.013608238
1.014156624
1.014156624
1.014156624
1.014156624
1.014156624
1.014156624
1.014156624
1.014156624
1.014156624
1.014156624
1.014156624
1.01470501
1.01470501
1.01470501
1.01470501
1.01470501
1.01470501
1.01470501
1.01470501
1.01470501
1.01470501
1.01470501
1.015257663
1.015257663
1.015257663
1.015257663
1.015257663
1.015257663
1.015257663
1.015257663
1.015257663
1.015257663
1.015257663
1.015810317
1.015810317
1.015810317
1.015810317
1.015810317
1.015810317
1.015810317
1.015810317
1.015810317
1.015810317
1.015810317
1.016366166
1.016366166
1.016366166
1.016366166
1.016366166
1.016366166
1.016366166
1.016366166
1.016366166
1.016366166
1.016366166
1.016922016
1.016922016
1.016922016
1.016922016
1.016922016
1.016922016
1.016922016
1.016922016
1.016922016
1.016922016
1.016922016
1.017481071
1.017481071
1.017481071
1.017481071
1.017481071
1.017481071
1.017481071
1.017481071
1.017481071
1.017481071
1.018040126
1.018040126
1.018040126
1.018040126
1.018040126
1.018040126
1.018040126
1.018040126
1.018040126
1.018040126
1.018040126
1.018603448
1.018603448
1.018603448
1.018603448
1.018603448
1.018603448
1.018603448
1.018603448
1.018603448
1.018603448
1.018603448
1.019166771
1.019166771
1.019166771
1.019166771
1.019166771
1.019166771
1.019166771
1.019166771
1.019166771
1.019166771
1.019166771
1.01973329
1.01973329
1.01973329
1.01973329
1.01973329
1.01973329
1.01973329
1.01973329
1.01973329
1.01973329
1.01973329
1.02030088
1.02030088
1.02030088
1.02030088
1.02030088
1.02030088
1.02030088
1.02030088
1.02030088
1.02030088
1.02030088
1.020869533
1.020869533
1.020869533
1.020869533
1.020869533
1.020869533
1.020869533
1.020869533
1.020869533
1.020869533
1.021441391
1.021441391
1.021441391
1.021441391
1.021441391
1.021441391
1.021441391
1.021441391
1.021441391
1.021441391
1.021441391
1.022013248
1.022013248
1.022013248
1.022013248
1.022013248
1.022013248
1.022013248
1.022013248
1.022013248
1.022013248
1.022013248
1.022588303
1.022588303
1.022588303
1.022588303
1.022588303
1.022588303
1.022588303
1.022588303
1.022588303
1.022588303
1.022588303
1.023164428
1.023164428
1.023164428
1.023164428
1.023164428
1.023164428
1.023164428
1.023164428
1.023164428
1.023164428
1.023164428
1.02374375
1.02374375
1.02374375
1.02374375
1.02374375
1.02374375
1.02374375
1.02374375
1.02374375
1.02374375
1.02374375
1.024324143
1.024324143
1.024324143
1.024324143
1.024324143
1.024324143
1.024324143
1.024324143
1.024324143
1.024324143
1.024324143
1.02490667
1.02490667
1.02490667
1.02490667
1.02490667
1.02490667
1.02490667
1.02490667
1.02490667
1.02490667
1.025489197
1.025489197
1.025489197
1.025489197
1.025489197
1.025489197
1.025489197
1.025489197
1.025489197
1.025489197
1.025489197
1.026074921
1.026074921
1.026074921
1.026074921
1.026074921
1.026074921
1.026074921
1.026074921
1.026074921
1.026074921
1.026074921
1.026661715
1.026661715
1.026661715
1.026661715
1.026661715
1.026661715
1.026661715
1.026661715
1.026661715
1.026661715
1.026661715
1.027251706
1.027251706
1.027251706
1.027251706
1.027251706
1.027251706
1.027251706
1.027251706
1.027251706
1.027251706
1.027251706
1.027842769
1.027842769
1.027842769
1.027842769
1.027842769
1.027842769
1.027842769
1.027842769
1.027842769
1.027842769
1.027842769
1.028435965
1.028435965
1.028435965
1.028435965
1.028435965
1.028435965
1.028435965
1.028435965
1.028435965
1.028435965
1.028435965
1.029030224
1.029030224
1.029030224
1.029030224
1.029030224
1.029030224
1.029030224
1.029030224
1.029030224
1.029030224
1.029626625
1.029626625
1.029626625
1.029626625
1.029626625
1.029626625
1.029626625
1.029626625
1.029626625
1.029626625
1.029626625
1.030225151
1.030225151
1.030225151
1.030225151
1.030225151
1.030225151
1.030225151
1.030225151
1.030225151
1.030225151
1.030225151
1.030824749
1.030824749
1.030824749
1.030824749
1.030824749
1.030824749
1.030824749
1.030824749
1.030824749
1.030824749
1.030824749
1.03142648
1.03142648
1.03142648
1.03142648
1.03142648
1.03142648
1.03142648
1.03142648
1.03142648
1.03142648
1.03142648
1.032029274
1.032029274
1.032029274
1.032029274
1.032029274
1.032029274
1.032029274
1.032029274
1.032029274
1.032029274
1.032029274
1.032635274
1.032635274
1.032635274
1.032635274
1.032635274
1.032635274
1.032635274
1.032635274
1.032635274
1.032635274
1.033242335
1.033242335
1.033242335
1.033242335
1.033242335
1.033242335
1.033242335
1.033242335
1.033242335
1.033242335
1.033242335
1.033852602
1.033852602
1.033852602
1.033852602
1.033852602
1.033852602
1.033852602
1.033852602
1.033852602
1.033852602
1.033852602
1.034462869
1.034462869
1.034462869
1.034462869
1.034462869
1.034462869
1.034462869
1.034462869
1.034462869
1.034462869
1.034462869
1.035075269
1.035075269
1.035075269
1.035075269
1.035075269
1.035075269
1.035075269
1.035075269
1.035075269
1.035075269
1.035075269
1.035688733
1.035688733
1.035688733
1.035688733
1.035688733
1.035688733
1.035688733
1.035688733
1.035688733
1.035688733
1.035688733
1.036305401
1.036305401
1.036305401
1.036305401
1.036305401
1.036305401
1.036305401
1.036305401
1.036305401
1.036305401
1.036305401
1.036923132
1.036923132
1.036923132
1.036923132
1.036923132
1.036923132
1.036923132
1.036923132
1.036923132
1.036923132
1.037544068
1.037544068
1.037544068
1.037544068
1.037544068
1.037544068
1.037544068
1.037544068
1.037544068
1.037544068
1.037544068
1.038165004
1.038165004
1.038165004
1.038165004
1.038165004
1.038165004
1.038165004
1.038165004
1.038165004
1.038165004
1.038165004
1.038789136
1.038789136
1.038789136
1.038789136
1.038789136
1.038789136
1.038789136
1.038789136
1.038789136
1.038789136
1.038789136
1.03941434
1.03941434
1.03941434
1.03941434
1.03941434
1.03941434
1.03941434
1.03941434
1.03941434
1.03941434
1.03941434
1.040040606
1.040040606
1.040040606
1.040040606
1.040040606
1.040040606
1.040040606
1.040040606
1.040040606
1.040040606
1.040040606
1.040670077
1.040670077
1.040670077
1.040670077
1.040670077
1.040670077
1.040670077
1.040670077
1.040670077
1.040670077
1.040670077
1.041299548
1.041299548
1.041299548
1.041299548
1.041299548
1.041299548
1.041299548
1.041299548
1.041299548
1.041299548
1.041932216
1.041932216
1.041932216
1.041932216
1.041932216
1.041932216
1.041932216
1.041932216
1.041932216
1.041932216
1.041932216
1.042565955
1.042565955
1.042565955
1.042565955
1.042565955
1.042565955
1.042565955
1.042565955
1.042565955
1.042565955
1.042565955
1.04320289
1.04320289
1.04320289
1.04320289
1.04320289
1.04320289
1.04320289
1.04320289
1.04320289
1.04320289
1.04320289
1.043840897
1.043840897
1.043840897
1.043840897
1.043840897
1.043840897
1.043840897
1.043840897
1.043840897
1.043840897
1.043840897
1.044481037
1.044481037
1.044481037
1.044481037
1.044481037
1.044481037
1.044481037
1.044481037
1.044481037
1.044481037
1.044481037
1.045121177
1.045121177
1.045121177
1.045121177
1.045121177
1.045121177
1.045121177
1.045121177
1.045121177
1.045121177
1.045764514
1.045764514
1.045764514
1.045764514
1.045764514
1.045764514
1.045764514
1.045764514
1.045764514
1.045764514
1.045764514
1.046409985
1.046409985
1.046409985
1.046409985
1.046409985
1.046409985
1.046409985
1.046409985
1.046409985
1.046409985
1.046409985
1.047056527
1.047056527
1.047056527
1.047056527
1.047056527
1.047056527
1.047056527
1.047056527
1.047056527
1.047056527
1.047056527
1.047705203
1.047705203
1.047705203
1.047705203
1.047705203
1.047705203
1.047705203
1.047705203
1.047705203
1.047705203
1.047705203
1.048356012
1.048356012
1.048356012
1.048356012
1.048356012
1.048356012
1.048356012
1.048356012
1.048356012
1.048356012
1.048356012
1.049007884
1.049007884
1.049007884
1.049007884
1.049007884
1.049007884
1.049007884
1.049007884
1.049007884
1.049007884
1.049007884
1.049662961
1.049662961
1.049662961
1.049662961
1.049662961
1.049662961
1.049662961
1.049662961
1.049662961
1.049662961
1.050318039
1.050318039
1.050318039
1.050318039
1.050318039
1.050318039
1.050318039
1.050318039
1.050318039
1.050318039
1.050318039
1.050976312
1.050976312
1.050976312
1.050976312
1.050976312
1.050976312
1.050976312
1.050976312
1.050976312
1.050976312
1.050976312
1.051635657
1.051635657
1.051635657
1.051635657
1.051635657
1.051635657
1.051635657
1.051635657
1.051635657
1.051635657
1.051635657
1.052296065
1.052296065
1.052296065
1.052296065
1.052296065
1.052296065
1.052296065
1.052296065
1.052296065
1.052296065
1.052296065
1.052959677
1.052959677
1.052959677
1.052959677
1.052959677
1.052959677
1.052959677
1.052959677
1.052959677
1.052959677
1.052959677
1.053624352
1.053624352
1.053624352
1.053624352
1.053624352
1.053624352
1.053624352
1.053624352
1.053624352
1.053624352
1.053624352
1.05429117
1.05429117
1.05429117
1.05429117
1.05429117
1.05429117
1.05429117
1.05429117
1.05429117
1.05429117
1.054960113
1.054960113
1.054960113
1.054960113
1.054960113
1.054960113
1.054960113
1.054960113
1.054960113
1.054960113
1.054960113
1.055630127
1.055630127
1.055630127
1.055630127
1.055630127
1.055630127
1.055630127
1.055630127
1.055630127
1.055630127
1.055630127
1.056301203
1.056301203
1.056301203
1.056301203
1.056301203
1.056301203
1.056301203
1.056301203
1.056301203
1.056301203
1.056301203
1.056975485
1.056975485
1.056975485
1.056975485
1.056975485
1.056975485
1.056975485
1.056975485
1.056975485
1.056975485
1.056975485
1.057650829
1.057650829
1.057650829
1.057650829
1.057650829
1.057650829
1.057650829
1.057650829
1.057650829
1.057650829
1.057650829
1.058329379
1.058329379
1.058329379
1.058329379
1.058329379
1.058329379
1.058329379
1.058329379
1.058329379
1.058329379
1.059007928
1.059007928
1.059007928
1.059007928
1.059007928
1.059007928
1.059007928
1.059007928
1.059007928
1.059007928
1.059007928
1.059688611
1.059688611
1.059688611
1.059688611
1.059688611
1.059688611
1.059688611
1.059688611
1.059688611
1.059688611
1.059688611
1.060372491
1.060372491
1.060372491
1.060372491
1.060372491
1.060372491
1.060372491
1.060372491
1.060372491
1.060372491
1.060372491
1.06105637
1.06105637
1.06105637
1.06105637
1.06105637
1.06105637
1.06105637
1.06105637
1.06105637
1.06105637
1.06105637
1.061743455
1.061743455
1.061743455
1.061743455
1.061743455
1.061743455
1.061743455
1.061743455
1.061743455
1.061743455
1.061743455
1.06243054
1.06243054
1.06243054
1.06243054
1.06243054
1.06243054
1.06243054
1.06243054
1.06243054
1.06243054
1.06243054
1.063120821
1.063120821
1.063120821
1.063120821
1.063120821
1.063120821
1.063120821
1.063120821
1.063120821
1.063120821
1.063812173
1.063812173
1.063812173
1.063812173
1.063812173
1.063812173
1.063812173
1.063812173
1.063812173
1.063812173
1.063812173
1.064506722
1.064506722
1.064506722
1.064506722
1.064506722
1.064506722
1.064506722
1.064506722
1.064506722
1.064506722
1.064506722
1.065202342
1.065202342
1.065202342
1.065202342
1.065202342
1.065202342
1.065202342
1.065202342
1.065202342
1.065202342
1.065202342
1.065900096
1.065900096
1.065900096
1.065900096
1.065900096
1.065900096
1.065900096
1.065900096
1.065900096
1.065900096
1.065900096
1.066598912
1.066598912
1.066598912
1.066598912
1.066598912
1.066598912
1.066598912
1.066598912
1.066598912
1.066598912
1.066598912
1.0672988
1.0672988
1.0672988
1.0672988
1.0672988
1.0672988
1.0672988
1.0672988
1.0672988
1.0672988
1.0672988
1.068001884
1.068001884
1.068001884
1.068001884
1.068001884
1.068001884
1.068001884
1.068001884
1.068001884
1.068001884
1.068706039
1.068706039
1.068706039
1.068706039
1.068706039
1.068706039
1.068706039
1.068706039
1.068706039
1.068706039
1.068706039
1.069412328
1.069412328
1.069412328
1.069412328
1.069412328
1.069412328
1.069412328
1.069412328
1.069412328
1.069412328
1.069412328
1.070120751
1.070120751
1.070120751
1.070120751
1.070120751
1.070120751
1.070120751
1.070120751
1.070120751
1.070120751
1.070120751
1.070830237
1.070830237
1.070830237
1.070830237
1.070830237
1.070830237
1.070830237
1.070830237
1.070830237
1.070830237
1.070830237
1.071542927
1.071542927
1.071542927
1.071542927
1.071542927
1.071542927
1.071542927
1.071542927
1.071542927
1.071542927
1.071542927
1.072255618
1.072255618
1.072255618
1.072255618
1.072255618
1.072255618
1.072255618
1.072255618
1.072255618
1.072255618
1.072971505
1.072971505
1.072971505
1.072971505
1.072971505
1.072971505
1.072971505
1.072971505
1.072971505
1.072971505
1.072971505
1.073688463
1.073688463
1.073688463
1.073688463
1.073688463
1.073688463
1.073688463
1.073688463
1.073688463
1.073688463
1.073688463
1.074406484
1.074406484
1.074406484
1.074406484
1.074406484
1.074406484
1.074406484
1.074406484
1.074406484
1.074406484
1.074406484
1.07512771
1.07512771
1.07512771
1.07512771
1.07512771
1.07512771
1.07512771
1.07512771
1.07512771
1.07512771
1.07512771
1.075849998
1.075849998
1.075849998
1.075849998
1.075849998
1.075849998
1.075849998
1.075849998
1.075849998
1.075849998
1.075849998
1.076575492
1.076575492
1.076575492
1.076575492
1.076575492
1.076575492
1.076575492
1.076575492
1.076575492
1.076575492
1.076575492
1.077300986
1.077300986
1.077300986
1.077300986
1.077300986
1.077300986
1.077300986
1.077300986
1.077300986
1.077300986
1.078028613
1.078028613
1.078028613
1.078028613
1.078028613
1.078028613
1.078028613
1.078028613
1.078028613
1.078028613
1.078028613
1.078758366
1.078758366
1.078758366
1.078758366
1.078758366
1.078758366
1.078758366
1.078758366
1.078758366
1.078758366
1.078758366
1.079490261
1.079490261
1.079490261
1.079490261
1.079490261
1.079490261
1.079490261
1.079490261
1.079490261
1.079490261
1.079490261
1.080222156
1.080222156
1.080222156
1.080222156
1.080222156
1.080222156
1.080222156
1.080222156
1.080222156
1.080222156
1.080222156
1.080958319
1.080958319
1.080958319
1.080958319
1.080958319
1.080958319
1.080958319
1.080958319
1.080958319
1.080958319
1.080958319
1.081695544
1.081695544
1.081695544
1.081695544
1.081695544
1.081695544
1.081695544
1.081695544
1.081695544
1.081695544
1.081695544
1.08243384
1.08243384
1.08243384
1.08243384
1.08243384
1.08243384
1.08243384
1.08243384
1.08243384
1.08243384
1.083174271
1.083174271
1.083174271
1.083174271
1.083174271
1.083174271
1.083174271
1.083174271
1.083174271
1.083174271
1.083174271
1.083915764
1.083915764
1.083915764
1.083915764
1.083915764
1.083915764
1.083915764
1.083915764
1.083915764
1.083915764
1.083915764
1.084660462
1.084660462
1.084660462
1.084660462
1.084660462
1.084660462
1.084660462
1.084660462
1.084660462
1.084660462
1.084660462
1.085406223
1.085406223
1.085406223
1.085406223
1.085406223
1.085406223
1.085406223
1.085406223
1.085406223
1.085406223
1.085406223
1.086154117
1.086154117
1.086154117
1.086154117
1.086154117
1.086154117
1.086154117
1.086154117
1.086154117
1.086154117
1.086154117
1.086904154
1.086904154
1.086904154
1.086904154
1.086904154
1.086904154
1.086904154
1.086904154
1.086904154
1.086904154
1.087655245
1.087655245
1.087655245
1.087655245
1.087655245
1.087655245
1.087655245
1.087655245
1.087655245
1.087655245
1.087655245
1.088408478
1.088408478
1.088408478
1.088408478
1.088408478
1.088408478
1.088408478
1.088408478
1.088408478
1.088408478
1.088408478
1.089163846
1.089163846
1.089163846
1.089163846
1.089163846
1.089163846
1.089163846
1.089163846
1.089163846
1.089163846
1.089163846
1.089919213
1.089919213
1.089919213
1.089919213
1.089919213
1.089919213
1.089919213
1.089919213
1.089919213
1.089919213
1.089919213
1.090677776
1.090677776
1.090677776
1.090677776
1.090677776
1.090677776
1.090677776
1.090677776
1.090677776
1.090677776
1.090677776
1.091439545
1.091439545
1.091439545
1.091439545
1.091439545
1.091439545
1.091439545
1.091439545
1.091439545
1.091439545
1.091439545
1.092200243
1.092200243
1.092200243
1.092200243
1.092200243
1.092200243
1.092200243
1.092200243
1.092200243
1.092200243
1.092964145
1.092964145
1.092964145
1.092964145
1.092964145
1.092964145
1.092964145
1.092964145
1.092964145
1.092964145
1.092964145
1.093730182
1.093730182
1.093730182
1.093730182
1.093730182
1.093730182
1.093730182
1.093730182
1.093730182
1.093730182
1.093730182
1.09449728
1.09449728
1.09449728
1.09449728
1.09449728
1.09449728
1.09449728
1.09449728
1.09449728
1.09449728
1.09449728
1.095267584
1.095267584
1.095267584
1.095267584
1.095267584
1.095267584
1.095267584
1.095267584
1.095267584
1.095267584
1.095267584
1.096038951
1.096038951
1.096038951
1.096038951
1.096038951
1.096038951
1.096038951
1.096038951
1.096038951
1.096038951
1.096038951
1.096811389
1.096811389
1.096811389
1.096811389
1.096811389
1.096811389
1.096811389
1.096811389
1.096811389
1.096811389
1.096811389
1.097585961
1.097585961
1.097585961
1.097585961
1.097585961
1.097585961
1.097585961
1.097585961
1.097585961
1.097585961
1.098362666
1.098362666
1.098362666
1.098362666
1.098362666
1.098362666
1.098362666
1.098362666
1.098362666
1.098362666
1.098362666
1.099140434
1.099140434
1.099140434
1.099140434
1.099140434
1.099140434
1.099140434
1.099140434
1.099140434
1.099140434
1.099140434
1.099920336
1.099920336
1.099920336
1.099920336
1.099920336
1.099920336
1.099920336
1.099920336
1.099920336
1.099920336
1.099920336
1.100703443
1.100703443
1.100703443
1.100703443
1.100703443
1.100703443
1.100703443
1.100703443
1.100703443
1.100703443
1.100703443
1.10148655
1.10148655
1.10148655
1.10148655
1.10148655
1.10148655
1.10148655
1.10148655
1.10148655
1.10148655
1.10148655
1.102272854
1.102272854
1.102272854
1.102272854
1.102272854
1.102272854
1.102272854
1.102272854
1.102272854
1.102272854
1.103059157
1.103059157
1.103059157
1.103059157
1.103059157
1.103059157
1.103059157
1.103059157
1.103059157
1.103059157
1.103059157
1.103848666
1.103848666
1.103848666
1.103848666
1.103848666
1.103848666
1.103848666
1.103848666
1.103848666
1.103848666
1.103848666
1.104640308
1.104640308
1.104640308
1.104640308
1.104640308
1.104640308
1.104640308
1.104640308
1.104640308
1.104640308
1.104640308
1.105433013
1.105433013
1.105433013
1.105433013
1.105433013
1.105433013
1.105433013
1.105433013
1.105433013
1.105433013
1.105433013
1.106226789
1.106226789
1.106226789
1.106226789
1.106226789
1.106226789
1.106226789
1.106226789
1.106226789
1.106226789
1.106226789
1.107023762
1.107023762
1.107023762
1.107023762
1.107023762
1.107023762
1.107023762
1.107023762
1.107023762
1.107023762
1.107023762
1.107821805
1.107821805
1.107821805
1.107821805
1.107821805
1.107821805
1.107821805
1.107821805
1.107821805
1.107821805
1.108620912
1.108620912
1.108620912
1.108620912
1.108620912
1.108620912
1.108620912
1.108620912
1.108620912
1.108620912
1.108620912
1.109423223
1.109423223
1.109423223
1.109423223
1.109423223
1.109423223
1.109423223
1.109423223
1.109423223
1.109423223
1.109423223
1.110226597
1.110226597
1.110226597
1.110226597
1.110226597
1.110226597
1.110226597
1.110226597
1.110226597
1.110226597
1.110226597
1.111032114
1.111032114
1.111032114
1.111032114
1.111032114
1.111032114
1.111032114
1.111032114
1.111032114
1.111032114
1.111032114
1.111839756
1.111839756
1.111839756
1.111839756
1.111839756
1.111839756
1.111839756
1.111839756
1.111839756
1.111839756
1.111839756
1.112648469
1.112648469
1.112648469
1.112648469
1.112648469
1.112648469
1.112648469
1.112648469
1.112648469
1.112648469
1.112648469
1.113458244
1.113458244
1.113458244
1.113458244
1.113458244
1.113458244
1.113458244
1.113458244
1.113458244
1.113458244
1.114271225
1.114271225
1.114271225
1.114271225
1.114271225
1.114271225
1.114271225
1.114271225
1.114271225
1.114271225
1.114271225
1.115085268
1.115085268
1.115085268
1.115085268
1.115085268
1.115085268
1.115085268
1.115085268
1.115085268
1.115085268
1.115085268
1.115902516
1.115902516
1.115902516
1.115902516
1.115902516
1.115902516
1.115902516
1.115902516
1.115902516
1.115902516
1.115902516
1.116720827
1.116720827
1.116720827
1.116720827
1.116720827
1.116720827
1.116720827
1.116720827
1.116720827
1.116720827
1.116720827
1.117540209
1.117540209
1.117540209
1.117540209
1.117540209
1.117540209
1.117540209
1.117540209
1.117540209
1.117540209
1.117540209
1.118360654
1.118360654
1.118360654
1.118360654
1.118360654
1.118360654
1.118360654
1.118360654
1.118360654
1.118360654
1.119184304
1.119184304
1.119184304
1.119184304
1.119184304
1.119184304
1.119184304
1.119184304
1.119184304
1.119184304
1.119184304
1.120010087
1.120010087
1.120010087
1.120010087
1.120010087
1.120010087
1.120010087
1.120010087
1.120010087
1.120010087
1.120010087
1.120836933
1.120836933
1.120836933
1.120836933
1.120836933
1.120836933
1.120836933
1.120836933
1.120836933
1.120836933
1.120836933
1.121665914
1.121665914
1.121665914
1.121665914
1.121665914
1.121665914
1.121665914
1.121665914
1.121665914
1.121665914
1.121665914
1.122495965
1.122495965
1.122495965
1.122495965
1.122495965
1.122495965
1.122495965
1.122495965
1.122495965
1.122495965
1.122495965
1.12332815
1.12332815
1.12332815
1.12332815
1.12332815
1.12332815
1.12332815
1.12332815
1.12332815
1.12332815
1.12332815
1.124163531
1.124163531
1.124163531
1.124163531
1.124163531
1.124163531
1.124163531
1.124163531
1.124163531
1.124163531
1.124998913
1.124998913
1.124998913
1.124998913
1.124998913
1.124998913
1.124998913
1.124998913
1.124998913
1.124998913
1.124998913
1.125836437
1.125836437
1.125836437
1.125836437
1.125836437
1.125836437
1.125836437
1.125836437
1.125836437
1.125836437
1.125836437
1.126676086
1.126676086
1.126676086
1.126676086
1.126676086
1.126676086
1.126676086
1.126676086
1.126676086
1.126676086
1.126676086
1.127517869
1.127517869
1.127517869
1.127517869
1.127517869
1.127517869
1.127517869
1.127517869
1.127517869
1.127517869
1.127517869
1.128360723
1.128360723
1.128360723
1.128360723
1.128360723
1.128360723
1.128360723
1.128360723
1.128360723
1.128360723
1.128360723
1.129205711
1.129205711
1.129205711
1.129205711
1.129205711
1.129205711
1.129205711
1.129205711
1.129205711
1.129205711
1.129205711
1.130051762
1.130051762
1.130051762
1.130051762
1.130051762
1.130051762
1.130051762
1.130051762
1.130051762
1.130051762
1.130901018
1.130901018
1.130901018
1.130901018
1.130901018
1.130901018
1.130901018
1.130901018
1.130901018
1.130901018
1.130901018
1.131751336
1.131751336
1.131751336
1.131751336
1.131751336
1.131751336
1.131751336
1.131751336
1.131751336
1.131751336
1.131751336
1.132603788
1.132603788
1.132603788
1.132603788
1.132603788
1.132603788
1.132603788
1.132603788
1.132603788
1.132603788
1.132603788
1.133457312
1.133457312
1.133457312
1.133457312
1.133457312
1.133457312
1.133457312
1.133457312
1.133457312
1.133457312
1.133457312
1.134312969
1.134312969
1.134312969
1.134312969
1.134312969
1.134312969
1.134312969
1.134312969
1.134312969
1.134312969
1.134312969
1.135171823
1.135171823
1.135171823
1.135171823
1.135171823
1.135171823
1.135171823
1.135171823
1.135171823
1.135171823
1.136030676
1.136030676
1.136030676
1.136030676
1.136030676
1.136030676
1.136030676
1.136030676
1.136030676
1.136030676
1.136030676
1.136891672
1.136891672
1.136891672
1.136891672
1.136891672
1.136891672
1.136891672
1.136891672
1.136891672
1.136891672
1.136891672
1.137754794
1.137754794
1.137754794
1.137754794
1.137754794
1.137754794
1.137754794
1.137754794
1.137754794
1.137754794
1.137754794
1.138620049
1.138620049
1.138620049
1.138620049
1.138620049
1.138620049
1.138620049
1.138620049
1.138620049
1.138620049
1.138620049
1.139486375
1.139486375
1.139486375
1.139486375
1.139486375
1.139486375
1.139486375
1.139486375
1.139486375
1.139486375
1.139486375
1.140353764
1.140353764
1.140353764
1.140353764
1.140353764
1.140353764
1.140353764
1.140353764
1.140353764
1.140353764
1.140353764
1.141224358
1.141224358
1.141224358
1.141224358
1.141224358
1.141224358
1.141224358
1.141224358
1.141224358
1.141224358
1.142096015
1.142096015
1.142096015
1.142096015
1.142096015
1.142096015
1.142096015
1.142096015
1.142096015
1.142096015
1.142096015
1.142970876
1.142970876
1.142970876
1.142970876
1.142970876
1.142970876
1.142970876
1.142970876
1.142970876
1.142970876
1.142970876
1.143845738
1.143845738
1.143845738
1.143845738
1.143845738
1.143845738
1.143845738
1.143845738
1.143845738
1.143845738
1.143845738
1.144723796
1.144723796
1.144723796
1.144723796
1.144723796
1.144723796
1.144723796
1.144723796
1.144723796
1.144723796
1.144723796
1.145602926
1.145602926
1.145602926
1.145602926
1.145602926
1.145602926
1.145602926
1.145602926
1.145602926
1.145602926
1.145602926
1.146483118
1.146483118
1.146483118
1.146483118
1.146483118
1.146483118
1.146483118
1.146483118
1.146483118
1.146483118
1.146483118
1.147366515
1.147366515
1.147366515
1.147366515
1.147366515
1.147366515
1.147366515
1.147366515
1.147366515
1.147366515
1.148250974
1.148250974
1.148250974
1.148250974
1.148250974
1.148250974
1.148250974
1.148250974
1.148250974
1.148250974
1.148250974
1.149137568
1.149137568
1.149137568
1.149137568
1.149137568
1.149137568
1.149137568
1.149137568
1.149137568
1.149137568
1.149137568
1.150025232
1.150025232
1.150025232
1.150025232
1.150025232
1.150025232
1.150025232
1.150025232
1.150025232
1.150025232
1.150025232
1.150915031
1.150915031
1.150915031
1.150915031
1.150915031
1.150915031
1.150915031
1.150915031
1.150915031
1.150915031
1.150915031
1.151808026
1.151808026
1.151808026
1.151808026
1.151808026
1.151808026
1.151808026
1.151808026
1.151808026
1.151808026
1.151808026
1.152701021
1.152701021
1.152701021
1.152701021
1.152701021
1.152701021
1.152701021
1.152701021
1.152701021
1.152701021
1.153597221
1.153597221
1.153597221
1.153597221
1.153597221
1.153597221
1.153597221
1.153597221
1.153597221
1.153597221
1.153597221
1.154493421
1.154493421
1.154493421
1.154493421
1.154493421
1.154493421
1.154493421
1.154493421
1.154493421
1.154493421
1.154493421
1.155392817
1.155392817
1.155392817
1.155392817
1.155392817
1.155392817
1.155392817
1.155392817
1.155392817
1.155392817
1.155392817
1.156293285
1.156293285
1.156293285
1.156293285
1.156293285
1.156293285
1.156293285
1.156293285
1.156293285
1.156293285
1.156293285
1.157195886
1.157195886
1.157195886
1.157195886
1.157195886
1.157195886
1.157195886
1.157195886
1.157195886
1.157195886
1.157195886
1.158100613
1.158100613
1.158100613
1.158100613
1.158100613
1.158100613
1.158100613
1.158100613
1.158100613
1.158100613
1.158100613
1.159007482
1.159007482
1.159007482
1.159007482
1.159007482
1.159007482
1.159007482
1.159007482
1.159007482
1.159007482
1.159914351
1.159914351
1.159914351
1.159914351
1.159914351
1.159914351
1.159914351
1.159914351
1.159914351
1.159914351
1.159914351
1.160824417
1.160824417
1.160824417
1.160824417
1.160824417
1.160824417
1.160824417
1.160824417
1.160824417
1.160824417
1.160824417
1.161735553
1.161735553
1.161735553
1.161735553
1.161735553
1.161735553
1.161735553
1.161735553
1.161735553
1.161735553
1.161735553
1.162649887
1.162649887
1.162649887
1.162649887
1.162649887
1.162649887
1.162649887
1.162649887
1.162649887
1.162649887
1.162649887
1.163565291
1.163565291
1.163565291
1.163565291
1.163565291
1.163565291
1.163565291
1.163565291
1.163565291
1.163565291
1.163565291
1.164481758
1.164481758
1.164481758
1.164481758
1.164481758
1.164481758
1.164481758
1.164481758
1.164481758
1.164481758
1.164481758
1.16540143
1.16540143
1.16540143
1.16540143
1.16540143
1.16540143
1.16540143
1.16540143
1.16540143
1.16540143
1.166321102
1.166321102
1.166321102
1.166321102
1.166321102
1.166321102
1.166321102
1.166321102
1.166321102
1.166321102
1.166321102
1.167243971
1.167243971
1.167243971
1.167243971
1.167243971
1.167243971
1.167243971
1.167243971
1.167243971
1.167243971
1.167243971
1.168167911
1.168167911
1.168167911
1.168167911
1.168167911
1.168167911
1.168167911
1.168167911
1.168167911
1.168167911
1.168167911
1.169095047
1.169095047
1.169095047
1.169095047
1.169095047
1.169095047
1.169095047
1.169095047
1.169095047
1.169095047
1.169095047
1.170022183
1.170022183
1.170022183
1.170022183
1.170022183
1.170022183
1.170022183
1.170022183
1.170022183
1.170022183
1.170022183
1.170952524
1.170952524
1.170952524
1.170952524
1.170952524
1.170952524
1.170952524
1.170952524
1.170952524
1.170952524
1.171882866
1.171882866
1.171882866
1.171882866
1.171882866
1.171882866
1.171882866
1.171882866
1.171882866
1.171882866
1.171882866
1.172816403
1.172816403
1.172816403
1.172816403
1.172816403
1.172816403
1.172816403
1.172816403
1.172816403
1.172816403
1.172816403
1.173751012
1.173751012
1.173751012
1.173751012
1.173751012
1.173751012
1.173751012
1.173751012
1.173751012
1.173751012
1.173751012
1.174688818
1.174688818
1.174688818
1.174688818
1.174688818
1.174688818
1.174688818
1.174688818
1.174688818
1.174688818
1.174688818
1.175626623
1.175626623
1.175626623
1.175626623
1.175626623
1.175626623
1.175626623
1.175626623
1.175626623
1.175626623
1.175626623
1.176567633
1.176567633
1.176567633
1.176567633
1.176567633
1.176567633
1.176567633
1.176567633
1.176567633
1.176567633
1.176567633
1.177509707
1.177509707
1.177509707
1.177509707
1.177509707
1.177509707
1.177509707
1.177509707
1.177509707
1.177509707
1.178452851
1.178452851
1.178452851
1.178452851
1.178452851
1.178452851
1.178452851
1.178452851
1.178452851
1.178452851
1.178452851
1.179399191
1.179399191
1.179399191
1.179399191
1.179399191
1.179399191
1.179399191
1.179399191
1.179399191
1.179399191
1.179399191
1.180346603
1.180346603
1.180346603
1.180346603
1.180346603
1.180346603
1.180346603
1.180346603
1.180346603
1.180346603
1.180346603
1.181297212
1.181297212
1.181297212
1.181297212
1.181297212
1.181297212
1.181297212
1.181297212
1.181297212
1.181297212
1.181297212
1.182248891
1.182248891
1.182248891
1.182248891
1.182248891
1.182248891
1.182248891
1.182248891
1.182248891
1.182248891
1.182248891
1.183201633
1.183201633
1.183201633
1.183201633
1.183201633
1.183201633
1.183201633
1.183201633
1.183201633
1.183201633
1.183201633
1.184155447
1.184155447
1.184155447
1.184155447
1.184155447
1.184155447
1.184155447
1.184155447
1.184155447
1.184155447
1.185112457
1.185112457
1.185112457
1.185112457
1.185112457
1.185112457
1.185112457
1.185112457
1.185112457
1.185112457
1.185112457
1.186070538
1.186070538
1.186070538
1.186070538
1.186070538
1.186070538
1.186070538
1.186070538
1.186070538
1.186070538
1.186070538
1.187031815
1.187031815
1.187031815
1.187031815
1.187031815
1.187031815
1.187031815
1.187031815
1.187031815
1.187031815
1.187031815
1.187994164
1.187994164
1.187994164
1.187994164
1.187994164
1.187994164
1.187994164
1.187994164
1.187994164
1.187994164
1.187994164
1.188957575
1.188957575
1.188957575
1.188957575
1.188957575
1.188957575
1.188957575
1.188957575
1.188957575
1.188957575
1.188957575
1.189922058
1.189922058
1.189922058
1.189922058
1.189922058
1.189922058
1.189922058
1.189922058
1.189922058
1.189922058
1.190890808
1.190890808
1.190890808
1.190890808
1.190890808
1.190890808
1.190890808
1.190890808
1.190890808
1.190890808
1.190890808
1.191860621
1.191860621
1.191860621
1.191860621
1.191860621
1.191860621
1.191860621
1.191860621
1.191860621
1.191860621
1.191860621
1.192830434
1.192830434
1.192830434
1.192830434
1.192830434
1.192830434
1.192830434
1.192830434
1.192830434
1.192830434
1.192830434
1.193803451
1.193803451
1.193803451
1.193803451
1.193803451
1.193803451
1.193803451
1.193803451
1.193803451
1.193803451
1.193803451
1.194778603
1.194778603
1.194778603
1.194778603
1.194778603
1.194778603
1.194778603
1.194778603
1.194778603
1.194778603
1.194778603
1.195754817
1.195754817
1.195754817
1.195754817
1.195754817
1.195754817
1.195754817
1.195754817
1.195754817
1.195754817
1.195754817
1.196733166
1.196733166
1.196733166
1.196733166
1.196733166
1.196733166
1.196733166
1.196733166
1.196733166
1.196733166
1.197712585
1.197712585
1.197712585
1.197712585
1.197712585
1.197712585
1.197712585
1.197712585
1.197712585
1.197712585
1.197712585
1.198695201
1.198695201
1.198695201
1.198695201
1.198695201
1.198695201
1.198695201
1.198695201
1.198695201
1.198695201
1.198695201
1.199678888
1.199678888
1.199678888
1.199678888
1.199678888
1.199678888
1.199678888
1.199678888
1.199678888
1.199678888
1.199678888
1.200663637
1.200663637
1.200663637
1.200663637
1.200663637
1.200663637
1.200663637
1.200663637
1.200663637
1.200663637
1.200663637
1.201651592
1.201651592
1.201651592
1.201651592
1.201651592
1.201651592
1.201651592
1.201651592
1.201651592
1.201651592
1.201651592
1.202640609
1.202640609
1.202640609
1.202640609
1.202640609
1.202640609
1.202640609
1.202640609
1.202640609
1.202640609
1.202640609
1.20363176
1.20363176
1.20363176
1.20363176
1.20363176
1.20363176
1.20363176
1.20363176
1.20363176
1.20363176
1.204623983
1.204623983
1.204623983
1.204623983
1.204623983
1.204623983
1.204623983
1.204623983
1.204623983
1.204623983
1.204623983
1.205618339
1.205618339
1.205618339
1.205618339
1.205618339
1.205618339
1.205618339
1.205618339
1.205618339
1.205618339
1.205618339
1.206615891
1.206615891
1.206615891
1.206615891
1.206615891
1.206615891
