1
1
1
1
1
1
1
1
1
1
1
1.000480866
1.000480866
1.000480866
1.000480866
1.000480866
1.000480866
1.000480866
1.000480866
1.000480866
1.000480866
1.000480866
1.000962832
1.000962832
1.000962832
1.000962832
1.000962832
1.000962832
1.000962832
1.000962832
1.000962832
1.000962832
1.000962832
1.00144695
1.00144695
1.00144695
1.00144695
1.00144695
1.00144695
1.00144695
1.00144695
1.00144695
1.00144695
1.00144695
1.001932167
1.001932167
1.001932167
1.001932167
1.001932167
1.001932167
1.001932167
1.001932167
1.001932167
1.001932167
1.001932167
1.002420661
1.002420661
1.002420661
1.002420661
1.002420661
1.002420661
1.002420661
1.002420661
1.002420661
1.002420661
1.002420661
1.002910231
1.002910231
1.002910231
1.002910231
1.002910231
1.002910231
1.002910231
1.002910231
1.002910231
1.002910231
1.003400877
1.003400877
1.003400877
1.003400877
1.003400877
1.003400877
1.003400877
1.003400877
1.003400877
1.003400877
1.003400877
1.003893723
1.003893723
1.003893723
1.003893723
1.003893723
1.003893723
1.003893723
1.003893723
1.003893723
1.003893723
1.003893723
1.00438982
1.00438982
1.00438982
1.00438982
1.00438982
1.00438982
1.00438982
1.00438982
1.00438982
1.00438982
1.00438982
1.004885918
1.004885918
1.004885918
1.004885918
1.004885918
1.004885918
1.004885918
1.004885918
1.004885918
1.004885918
1.004885918
1.005384192
1.005384192
1.005384192
1.005384192
1.005384192
1.005384192
1.005384192
1.005384192
1.005384192
1.005384192
1.005384192
1.005884642
1.005884642
1.005884642
1.005884642
1.005884642
1.005884642
1.005884642
1.005884642
1.005884642
1.005884642
1.005884642
1.006387267
1.006387267
1.006387267
1.006387267
1.006387267
1.006387267
1.006387267
1.006387267
1.006387267
1.006387267
1.006889893
1.006889893
1.006889893
1.006889893
1.006889893
1.006889893
1.006889893
1.006889893
1.006889893
1.006889893
1.006889893
1.00739687
1.00739687
1.00739687
1.00739687
1.00739687
1.00739687
1.00739687
1.00739687
1.00739687
1.00739687
1.00739687
1.007903848
1.007903848
1.007903848
1.007903848
1.007903848
1.007903848
1.007903848
1.007903848
1.007903848
1.007903848
1.007903848
1.008413002
1.008413002
1.008413002
1.008413002
1.008413002
1.008413002
1.008413002
1.008413002
1.008413002
1.008413002
1.008413002
1.008924331
1.008924331
1.008924331
1.008924331
1.008924331
1.008924331
1.008924331
1.008924331
1.008924331
1.008924331
1.008924331
1.009437837
1.009437837
1.009437837
1.009437837
1.009437837
1.009437837
1.009437837
1.009437837
1.009437837
1.009437837
1.009952418
1.009952418
1.009952418
1.009952418
1.009952418
1.009952418
1.009952418
1.009952418
1.009952418
1.009952418
1.009952418
1.0104692
1.0104692
1.0104692
1.0104692
1.0104692
1.0104692
1.0104692
1.0104692
1.0104692
1.0104692
1.0104692
1.010988133
1.010988133
1.010988133
1.010988133
1.010988133
1.010988133
1.010988133
1.010988133
1.010988133
1.010988133
1.010988133
1.011508166
1.011508166
1.011508166
1.011508166
1.011508166
1.011508166
1.011508166
1.011508166
1.011508166
1.011508166
1.011508166
1.012030376
1.012030376
1.012030376
1.012030376
1.012030376
1.012030376
1.012030376
1.012030376
1.012030376
1.012030376
1.012030376
1.012554761
1.012554761
1.012554761
1.012554761
1.012554761
1.012554761
1.012554761
1.012554761
1.012554761
1.012554761
1.012554761
1.013080222
1.013080222
1.013080222
1.013080222
1.013080222
1.013080222
1.013080222
1.013080222
1.013080222
1.013080222
1.013607884
1.013607884
1.013607884
1.013607884
1.013607884
1.013607884
1.013607884
1.013607884
1.013607884
1.013607884
1.013607884
1.014137697
1.014137697
1.014137697
1.014137697
1.014137697
1.014137697
1.014137697
1.014137697
1.014137697
1.014137697
1.014137697
1.01466861
1.01466861
1.01466861
1.01466861
1.01466861
1.01466861
1.01466861
1.01466861
1.01466861
1.01466861
1.01466861
1.015201699
1.015201699
1.015201699
1.015201699
1.015201699
1.015201699
1.015201699
1.015201699
1.015201699
1.015201699
1.015201699
1.015735864
1.015735864
1.015735864
1.015735864
1.015735864
1.015735864
1.015735864
1.015735864
1.015735864
1.015735864
1.015735864
1.016273306
1.016273306
1.016273306
1.016273306
1.016273306
1.016273306
1.016273306
1.016273306
1.016273306
1.016273306
1.016273306
1.016811823
1.016811823
1.016811823
1.016811823
1.016811823
1.016811823
1.016811823
1.016811823
1.016811823
1.016811823
1.01735144
1.01735144
1.01735144
1.01735144
1.01735144
1.01735144
1.01735144
1.01735144
1.01735144
1.01735144
1.01735144
1.017894309
1.017894309
1.017894309
1.017894309
1.017894309
1.017894309
1.017894309
1.017894309
1.017894309
1.017894309
1.017894309
1.018438278
1.018438278
1.018438278
1.018438278
1.018438278
1.018438278
1.018438278
1.018438278
1.018438278
1.018438278
1.018438278
1.018983323
1.018983323
1.018983323
1.018983323
1.018983323
1.018983323
1.018983323
1.018983323
1.018983323
1.018983323
1.018983323
1.019531644
1.019531644
1.019531644
1.019531644
1.019531644
1.019531644
1.019531644
1.019531644
1.019531644
1.019531644
1.019531644
1.020081041
1.020081041
1.020081041
1.020081041
1.020081041
1.020081041
1.020081041
1.020081041
1.020081041
1.020081041
1.020631538
1.020631538
1.020631538
1.020631538
1.020631538
1.020631538
1.020631538
1.020631538
1.020631538
1.020631538
1.020631538
1.021185287
1.021185287
1.021185287
1.021185287
1.021185287
1.021185287
1.021185287
1.021185287
1.021185287
1.021185287
1.021185287
1.021740136
1.021740136
1.021740136
1.021740136
1.021740136
1.021740136
1.021740136
1.021740136
1.021740136
1.021740136
1.021740136
1.022296061
1.022296061
1.022296061
1.022296061
1.022296061
1.022296061
1.022296061
1.022296061
1.022296061
1.022296061
1.022296061
1.022855262
1.022855262
1.022855262
1.022855262
1.022855262
1.022855262
1.022855262
1.022855262
1.022855262
1.022855262
1.022855262
1.023415538
1.023415538
1.023415538
1.023415538
1.023415538
1.023415538
1.023415538
1.023415538
1.023415538
1.023415538
1.023415538
1.023976915
1.023976915
1.023976915
1.023976915
1.023976915
1.023976915
1.023976915
1.023976915
1.023976915
1.023976915
1.024541544
1.024541544
1.024541544
1.024541544
1.024541544
1.024541544
1.024541544
1.024541544
1.024541544
1.024541544
1.024541544
1.025107273
1.025107273
1.025107273
1.025107273
1.025107273
1.025107273
1.025107273
1.025107273
1.025107273
1.025107273
1.025107273
1.025674078
1.025674078
1.025674078
1.025674078
1.025674078
1.025674078
1.025674078
1.025674078
1.025674078
1.025674078
1.025674078
1.026244134
1.026244134
1.026244134
1.026244134
1.026244134
1.026244134
1.026244134
1.026244134
1.026244134
1.026244134
1.026244134
1.026815315
1.026815315
1.026815315
1.026815315
1.026815315
1.026815315
1.026815315
1.026815315
1.026815315
1.026815315
1.026815315
1.027388648
1.027388648
1.027388648
1.027388648
1.027388648
1.027388648
1.027388648
1.027388648
1.027388648
1.027388648
1.027388648
1.027963056
1.027963056
1.027963056
1.027963056
1.027963056
1.027963056
1.027963056
1.027963056
1.027963056
1.027963056
1.028539665
1.028539665
1.028539665
1.028539665
1.028539665
1.028539665
1.028539665
1.028539665
1.028539665
1.028539665
1.028539665
1.029117349
1.029117349
1.029117349
1.029117349
1.029117349
1.029117349
1.029117349
1.029117349
1.029117349
1.029117349
1.029117349
1.02969831
1.02969831
1.02969831
1.02969831
1.02969831
1.02969831
1.02969831
1.02969831
1.02969831
1.02969831
1.02969831
1.030280346
1.030280346
1.030280346
1.030280346
1.030280346
1.030280346
1.030280346
1.030280346
1.030280346
1.030280346
1.030280346
1.030864559
1.030864559
1.030864559
1.030864559
1.030864559
1.030864559
1.030864559
1.030864559
1.030864559
1.030864559
1.030864559
1.031450947
1.031450947
1.031450947
1.031450947
1.031450947
1.031450947
1.031450947
1.031450947
1.031450947
1.031450947
1.032037336
1.032037336
1.032037336
1.032037336
1.032037336
1.032037336
1.032037336
1.032037336
1.032037336
1.032037336
1.032037336
1.032628076
1.032628076
1.032628076
1.032628076
1.032628076
1.032628076
1.032628076
1.032628076
1.032628076
1.032628076
1.032628076
1.033218817
1.033218817
1.033218817
1.033218817
1.033218817
1.033218817
1.033218817
1.033218817
1.033218817
1.033218817
1.033218817
1.033811733
1.033811733
1.033811733
1.033811733
1.033811733
1.033811733
1.033811733
1.033811733
1.033811733
1.033811733
1.033811733
1.034406825
1.034406825
1.034406825
1.034406825
1.034406825
1.034406825
1.034406825
1.034406825
1.034406825
1.034406825
1.034406825
1.035001918
1.035001918
1.035001918
1.035001918
1.035001918
1.035001918
1.035001918
1.035001918
1.035001918
1.035001918
1.035001918
1.035601362
1.035601362
1.035601362
1.035601362
1.035601362
1.035601362
1.035601362
1.035601362
1.035601362
1.035601362
1.036200806
1.036200806
1.036200806
1.036200806
1.036200806
1.036200806
1.036200806
1.036200806
1.036200806
1.036200806
1.036200806
1.036804603
1.036804603
1.036804603
1.036804603
1.036804603
1.036804603
1.036804603
1.036804603
1.036804603
1.036804603
1.036804603
1.037408399
1.037408399
1.037408399
1.037408399
1.037408399
1.037408399
1.037408399
1.037408399
1.037408399
1.037408399
1.037408399
1.038013271
1.038013271
1.038013271
1.038013271
1.038013271
1.038013271
1.038013271
1.038013271
1.038013271
1.038013271
1.038013271
1.038620343
1.038620343
1.038620343
1.038620343
1.038620343
1.038620343
1.038620343
1.038620343
1.038620343
1.038620343
1.038620343
1.039230667
1.039230667
1.039230667
1.039230667
1.039230667
1.039230667
1.039230667
1.039230667
1.039230667
1.039230667
1.039230667
1.039840991
1.039840991
1.039840991
1.039840991
1.039840991
1.039840991
1.039840991
1.039840991
1.039840991
1.039840991
1.040454567
1.040454567
1.040454567
1.040454567
1.040454567
1.040454567
1.040454567
1.040454567
1.040454567
1.040454567
1.040454567
1.041069244
1.041069244
1.041069244
1.041069244
1.041069244
1.041069244
1.041069244
1.041069244
1.041069244
1.041069244
1.041069244
1.041686096
1.041686096
1.041686096
1.041686096
1.041686096
1.041686096
1.041686096
1.041686096
1.041686096
1.041686096
1.041686096
1.042304023
1.042304023
1.042304023
1.042304023
1.042304023
1.042304023
1.042304023
1.042304023
1.042304023
1.042304023
1.042304023
1.042924152
1.042924152
1.042924152
1.042924152
1.042924152
1.042924152
1.042924152
1.042924152
1.042924152
1.042924152
1.042924152
1.043546432
1.043546432
1.043546432
1.043546432
1.043546432
1.043546432
1.043546432
1.043546432
1.043546432
1.043546432
1.044169812
1.044169812
1.044169812
1.044169812
1.044169812
1.044169812
1.044169812
1.044169812
1.044169812
1.044169812
1.044169812
1.044795368
1.044795368
1.044795368
1.044795368
1.044795368
1.044795368
1.044795368
1.044795368
1.044795368
1.044795368
1.044795368
1.045424175
1.045424175
1.045424175
1.045424175
1.045424175
1.045424175
1.045424175
1.045424175
1.045424175
1.045424175
1.045424175
1.046051907
1.046051907
1.046051907
1.046051907
1.046051907
1.046051907
1.046051907
1.046051907
1.046051907
1.046051907
1.046051907
1.046683991
1.046683991
1.046683991
1.046683991
1.046683991
1.046683991
1.046683991
1.046683991
1.046683991
1.046683991
1.046683991
1.047317151
1.047317151
1.047317151
1.047317151
1.047317151
1.047317151
1.047317151
1.047317151
1.047317151
1.047317151
1.047317151
1.047951411
1.047951411
1.047951411
1.047951411
1.047951411
1.047951411
1.047951411
1.047951411
1.047951411
1.047951411
1.048587847
1.048587847
1.048587847
1.048587847
1.048587847
1.048587847
1.048587847
1.048587847
1.048587847
1.048587847
1.048587847
1.049227534
1.049227534
1.049227534
1.049227534
1.049227534
1.049227534
1.049227534
1.049227534
1.049227534
1.049227534
1.049227534
1.049867222
1.049867222
1.049867222
1.049867222
1.049867222
1.049867222
1.049867222
1.049867222
1.049867222
1.049867222
1.049867222
1.05050911
1.05050911
1.05050911
1.05050911
1.05050911
1.05050911
1.05050911
1.05050911
1.05050911
1.05050911
1.05050911
1.051153149
1.051153149
1.051153149
1.051153149
1.051153149
1.051153149
1.051153149
1.051153149
1.051153149
1.051153149
1.051153149
1.051799365
1.051799365
1.051799365
1.051799365
1.051799365
1.051799365
1.051799365
1.051799365
1.051799365
1.051799365
1.051799365
1.052446681
1.052446681
1.052446681
1.052446681
1.052446681
1.052446681
1.052446681
1.052446681
1.052446681
1.052446681
1.053095072
1.053095072
1.053095072
1.053095072
1.053095072
1.053095072
1.053095072
1.053095072
1.053095072
1.053095072
1.053095072
1.05374674
1.05374674
1.05374674
1.05374674
1.05374674
1.05374674
1.05374674
1.05374674
1.05374674
1.05374674
1.05374674
1.054399483
1.054399483
1.054399483
1.054399483
1.054399483
1.054399483
1.054399483
1.054399483
1.054399483
1.054399483
1.054399483
1.055054403
1.055054403
1.055054403
1.055054403
1.055054403
1.055054403
1.055054403
1.055054403
1.055054403
1.055054403
1.055054403
1.055710422
1.055710422
1.055710422
1.055710422
1.055710422
1.055710422
1.055710422
1.055710422
1.055710422
1.055710422
1.055710422
1.056369694
1.056369694
1.056369694
1.056369694
1.056369694
1.056369694
1.056369694
1.056369694
1.056369694
1.056369694
1.057028965
1.057028965
1.057028965
1.057028965
1.057028965
1.057028965
1.057028965
1.057028965
1.057028965
1.057028965
1.057028965
1.057691513
1.057691513
1.057691513
1.057691513
1.057691513
1.057691513
1.057691513
1.057691513
1.057691513
1.057691513
1.057691513
1.058355136
1.058355136
1.058355136
1.058355136
1.058355136
1.058355136
1.058355136
1.058355136
1.058355136
1.058355136
1.058355136
1.059020935
1.059020935
1.059020935
1.059020935
1.059020935
1.059020935
1.059020935
1.059020935
1.059020935
1.059020935
1.059020935
1.059687835
1.059687835
1.059687835
1.059687835
1.059687835
1.059687835
1.059687835
1.059687835
1.059687835
1.059687835
1.059687835
1.060357986
1.060357986
1.060357986
1.060357986
1.060357986
1.060357986
1.060357986
1.060357986
1.060357986
1.060357986
1.060357986
1.061028137
1.061028137
1.061028137
1.061028137
1.061028137
1.061028137
1.061028137
1.061028137
1.061028137
1.061028137
1.061701565
1.061701565
1.061701565
1.061701565
1.061701565
1.061701565
1.061701565
1.061701565
1.061701565
1.061701565
1.061701565
1.062376068
1.062376068
1.062376068
1.062376068
1.062376068
1.062376068
1.062376068
1.062376068
1.062376068
1.062376068
1.062376068
1.063052747
1.063052747
1.063052747
1.063052747
1.063052747
1.063052747
1.063052747
1.063052747
1.063052747
1.063052747
1.063052747
1.063731602
1.063731602
1.063731602
1.063731602
1.063731602
1.063731602
1.063731602
1.063731602
1.063731602
1.063731602
1.063731602
1.064412633
1.064412633
1.064412633
1.064412633
1.064412633
1.064412633
1.064412633
1.064412633
1.064412633
1.064412633
1.064412633
1.065093664
1.065093664
1.065093664
1.065093664
1.065093664
1.065093664
1.065093664
1.065093664
1.065093664
1.065093664
1.065093664
1.065776872
1.065776872
1.065776872
1.065776872
1.065776872
1.065776872
1.065776872
1.065776872
1.065776872
1.065776872
1.066463355
1.066463355
1.066463355
1.066463355
1.066463355
1.066463355
1.066463355
1.066463355
1.066463355
1.066463355
1.066463355
1.067150914
1.067150914
1.067150914
1.067150914
1.067150914
1.067150914
1.067150914
1.067150914
1.067150914
1.067150914
1.067150914
1.067839549
1.067839549
1.067839549
1.067839549
1.067839549
1.067839549
1.067839549
1.067839549
1.067839549
1.067839549
1.067839549
1.06853146
1.06853146
1.06853146
1.06853146
1.06853146
1.06853146
1.06853146
1.06853146
1.06853146
1.06853146
1.06853146
1.069224471
1.069224471
1.069224471
1.069224471
1.069224471
1.069224471
1.069224471
1.069224471
1.069224471
1.069224471
1.069224471
1.069918558
1.069918558
1.069918558
1.069918558
1.069918558
1.069918558
1.069918558
1.069918558
1.069918558
1.069918558
1.070614821
1.070614821
1.070614821
1.070614821
1.070614821
1.070614821
1.070614821
1.070614821
1.070614821
1.070614821
1.070614821
1.07131326
1.07131326
1.07131326
1.07131326
1.07131326
1.07131326
1.07131326
1.07131326
1.07131326
1.07131326
1.07131326
1.072013875
1.072013875
1.072013875
1.072013875
1.072013875
1.072013875
1.072013875
1.072013875
1.072013875
1.072013875
1.072013875
1.072715565
1.072715565
1.072715565
1.072715565
1.072715565
1.072715565
1.072715565
1.072715565
1.072715565
1.072715565
1.072715565
1.073420532
1.073420532
1.073420532
1.073420532
1.073420532
1.073420532
1.073420532
1.073420532
1.073420532
1.073420532
1.073420532
1.074125499
1.074125499
1.074125499
1.074125499
1.074125499
1.074125499
1.074125499
1.074125499
1.074125499
1.074125499
1.074125499
1.074832642
1.074832642
1.074832642
1.074832642
1.074832642
1.074832642
1.074832642
1.074832642
1.074832642
1.074832642
1.075541961
1.075541961
1.075541961
1.075541961
1.075541961
1.075541961
1.075541961
1.075541961
1.075541961
1.075541961
1.075541961
1.076253455
1.076253455
1.076253455
1.076253455
1.076253455
1.076253455
1.076253455
1.076253455
1.076253455
1.076253455
1.076253455
1.076966026
1.076966026
1.076966026
1.076966026
1.076966026
1.076966026
1.076966026
1.076966026
1.076966026
1.076966026
1.076966026
1.077679697
1.077679697
1.077679697
1.077679697
1.077679697
1.077679697
1.077679697
1.077679697
1.077679697
1.077679697
1.077679697
1.078397719
1.078397719
1.078397719
1.078397719
1.078397719
1.078397719
1.078397719
1.078397719
1.078397719
1.078397719
1.078397719
1.079115742
1.079115742
1.079115742
1.079115742
1.079115742
1.079115742
1.079115742
1.079115742
1.079115742
1.079115742
1.079115742
1.079834841
1.079834841
1.079834841
1.079834841
1.079834841
1.079834841
1.079834841
1.079834841
1.079834841
1.079834841
1.080557215
1.080557215
1.080557215
1.080557215
1.080557215
1.080557215
1.080557215
1.080557215
1.080557215
1.080557215
1.080557215
1.081281766
1.081281766
1.081281766
1.081281766
1.081281766
1.081281766
1.081281766
1.081281766
1.081281766
1.081281766
1.081281766
1.082007392
1.082007392
1.082007392
1.082007392
1.082007392
1.082007392
1.082007392
1.082007392
1.082007392
1.082007392
1.082007392
1.082734119
1.082734119
1.082734119
1.082734119
1.082734119
1.082734119
1.082734119
1.082734119
1.082734119
1.082734119
1.082734119
1.083464097
1.083464097
1.083464097
1.083464097
1.083464097
1.083464097
1.083464097
1.083464097
1.083464097
1.083464097
1.083464097
1.084195176
1.084195176
1.084195176
1.084195176
1.084195176
1.084195176
1.084195176
1.084195176
1.084195176
1.084195176
1.08492843
1.08492843
1.08492843
1.08492843
1.08492843
1.08492843
1.08492843
1.08492843
1.08492843
1.08492843
1.08492843
1.085662761
1.085662761
1.085662761
1.085662761
1.085662761
1.085662761
1.085662761
1.085662761
1.085662761
1.085662761
1.085662761
1.086398191
1.086398191
1.086398191
1.086398191
1.086398191
1.086398191
1.086398191
1.086398191
1.086398191
1.086398191
1.086398191
1.087136873
1.087136873
1.087136873
1.087136873
1.087136873
1.087136873
1.087136873
1.087136873
1.087136873
1.087136873
1.087136873
1.087876656
1.087876656
1.087876656
1.087876656
1.087876656
1.087876656
1.087876656
1.087876656
1.087876656
1.087876656
1.087876656
1.08861969
1.08861969
1.08861969
1.08861969
1.08861969
1.08861969
1.08861969
1.08861969
1.08861969
1.08861969
1.08861969
1.089363824
1.089363824
1.089363824
1.089363824
1.089363824
1.089363824
1.089363824
1.089363824
1.089363824
1.089363824
1.090109034
1.090109034
1.090109034
1.090109034
1.090109034
1.090109034
1.090109034
1.090109034
1.090109034
1.090109034
1.090109034
1.090855345
1.090855345
1.090855345
1.090855345
1.090855345
1.090855345
1.090855345
1.090855345
1.090855345
1.090855345
1.090855345
1.091604907
1.091604907
1.091604907
1.091604907
1.091604907
1.091604907
1.091604907
1.091604907
1.091604907
1.091604907
1.091604907
1.092356645
1.092356645
1.092356645
1.092356645
1.092356645
1.092356645
1.092356645
1.092356645
1.092356645
1.092356645
1.092356645
1.093109483
1.093109483
1.093109483
1.093109483
1.093109483
1.093109483
1.093109483
1.093109483
1.093109483
1.093109483
1.093109483
1.093863397
1.093863397
1.093863397
1.093863397
1.093863397
1.093863397
1.093863397
1.093863397
1.093863397
1.093863397
1.093863397
1.094620588
1.094620588
1.094620588
1.094620588
1.094620588
1.094620588
1.094620588
1.094620588
1.094620588
1.094620588
1.095378854
1.095378854
1.095378854
1.095378854
1.095378854
1.095378854
1.095378854
1.095378854
1.095378854
1.095378854
1.095378854
1.096139296
1.096139296
1.096139296
1.096139296
1.096139296
1.096139296
1.096139296
1.096139296
1.096139296
1.096139296
1.096139296
1.096900838
1.096900838
1.096900838
1.096900838
1.096900838
1.096900838
1.096900838
1.096900838
1.096900838
1.096900838
1.096900838
1.097664531
1.097664531
1.097664531
1.097664531
1.097664531
1.097664531
1.097664531
1.097664531
1.097664531
1.097664531
1.097664531
1.098430426
1.098430426
1.098430426
1.098430426
1.098430426
1.098430426
1.098430426
1.098430426
1.098430426
1.098430426
1.098430426
1.099197396
1.099197396
1.099197396
1.099197396
1.099197396
1.099197396
1.099197396
1.099197396
1.099197396
1.099197396
1.099966541
1.099966541
1.099966541
1.099966541
1.099966541
1.099966541
1.099966541
1.099966541
1.099966541
1.099966541
1.099966541
1.100737863
1.100737863
1.100737863
1.100737863
1.100737863
1.100737863
1.100737863
1.100737863
1.100737863
1.100737863
1.100737863
1.101510285
1.101510285
1.101510285
1.101510285
1.101510285
1.101510285
1.101510285
1.101510285
1.101510285
1.101510285
1.101510285
1.102285959
1.102285959
1.102285959
1.102285959
1.102285959
1.102285959
1.102285959
1.102285959
1.102285959
1.102285959
1.102285959
1.103061633
1.103061633
1.103061633
1.103061633
1.103061633
1.103061633
1.103061633
1.103061633
1.103061633
1.103061633
1.103061633
1.103839483
1.103839483
1.103839483
1.103839483
1.103839483
1.103839483
1.103839483
1.103839483
1.103839483
1.103839483
1.103839483
1.104619508
1.104619508
1.104619508
1.104619508
1.104619508
1.104619508
1.104619508
1.104619508
1.104619508
1.104619508
1.10540171
1.10540171
1.10540171
1.10540171
1.10540171
1.10540171
1.10540171
1.10540171
1.10540171
1.10540171
1.10540171
1.106186088
1.106186088
1.106186088
1.106186088
1.106186088
1.106186088
1.106186088
1.106186088
1.106186088
1.106186088
1.106186088
1.106971566
1.106971566
1.106971566
1.106971566
1.106971566
1.106971566
1.106971566
1.106971566
1.106971566
1.106971566
1.106971566
1.107759195
1.107759195
1.107759195
1.107759195
1.107759195
1.107759195
1.107759195
1.107759195
1.107759195
1.107759195
1.107759195
1.108547925
1.108547925
1.108547925
1.108547925
1.108547925
1.108547925
1.108547925
1.108547925
1.108547925
1.108547925
1.108547925
1.109338831
1.109338831
1.109338831
1.109338831
1.109338831
1.109338831
1.109338831
1.109338831
1.109338831
1.109338831
1.109338831
1.110131912
1.110131912
1.110131912
1.110131912
1.110131912
1.110131912
1.110131912
1.110131912
1.110131912
1.110131912
1.11092717
1.11092717
1.11092717
1.11092717
1.11092717
1.11092717
1.11092717
1.11092717
1.11092717
1.11092717
1.11092717
1.111722427
1.111722427
1.111722427
1.111722427
1.111722427
1.111722427
1.111722427
1.111722427
1.111722427
1.111722427
1.111722427
1.112522037
1.112522037
1.112522037
1.112522037
1.112522037
1.112522037
1.112522037
1.112522037
1.112522037
1.112522037
1.112522037
1.113321646
1.113321646
1.113321646
1.113321646
1.113321646
1.113321646
1.113321646
1.113321646
1.113321646
1.113321646
1.113321646
1.114123432
1.114123432
1.114123432
1.114123432
1.114123432
1.114123432
1.114123432
1.114123432
1.114123432
1.114123432
1.114123432
1.114927393
1.114927393
1.114927393
1.114927393
1.114927393
1.114927393
1.114927393
1.114927393
1.114927393
1.114927393
1.115732431
1.115732431
1.115732431
1.115732431
1.115732431
1.115732431
1.115732431
1.115732431
1.115732431
1.115732431
1.115732431
1.116539668
1.116539668
1.116539668
1.116539668
1.116539668
1.116539668
1.116539668
1.116539668
1.116539668
1.116539668
1.116539668
1.117349057
1.117349057
1.117349057
1.117349057
1.117349057
1.117349057
1.117349057
1.117349057
1.117349057
1.117349057
1.117349057
1.118159547
1.118159547
1.118159547
1.118159547
1.118159547
1.118159547
1.118159547
1.118159547
1.118159547
1.118159547
1.118159547
1.118972212
1.118972212
1.118972212
1.118972212
1.118972212
1.118972212
1.118972212
1.118972212
1.118972212
1.118972212
1.118972212
1.119787054
1.119787054
1.119787054
1.119787054
1.119787054
1.119787054
1.119787054
1.119787054
1.119787054
1.119787054
1.119787054
1.120602971
1.120602971
1.120602971
1.120602971
1.120602971
1.120602971
1.120602971
1.120602971
1.120602971
1.120602971
1.121422164
1.121422164
1.121422164
1.121422164
1.121422164
1.121422164
1.121422164
1.121422164
1.121422164
1.121422164
1.121422164
1.122242433
1.122242433
1.122242433
1.122242433
1.122242433
1.122242433
1.122242433
1.122242433
1.122242433
1.122242433
1.122242433
1.123063802
1.123063802
1.123063802
1.123063802
1.123063802
1.123063802
1.123063802
1.123063802
1.123063802
1.123063802
1.123063802
1.123887348
1.123887348
1.123887348
1.123887348
1.123887348
1.123887348
1.123887348
1.123887348
1.123887348
1.123887348
1.123887348
1.124713069
1.124713069
1.124713069
1.124713069
1.124713069
1.124713069
1.124713069
1.124713069
1.124713069
1.124713069
1.124713069
1.125539866
1.125539866
1.125539866
1.125539866
1.125539866
1.125539866
1.125539866
1.125539866
1.125539866
1.125539866
1.125539866
1.126369939
1.126369939
1.126369939
1.126369939
1.126369939
1.126369939
1.126369939
1.126369939
1.126369939
1.126369939
1.127201088
1.127201088
1.127201088
1.127201088
1.127201088
1.127201088
1.127201088
1.127201088
1.127201088
1.127201088
1.127201088
1.128033337
1.128033337
1.128033337
1.128033337
1.128033337
1.128033337
1.128033337
1.128033337
1.128033337
1.128033337
1.128033337
1.128868838
1.128868838
1.128868838
1.128868838
1.128868838
1.128868838
1.128868838
1.128868838
1.128868838
1.128868838
1.128868838
1.129704339
1.129704339
1.129704339
1.129704339
1.129704339
1.129704339
1.129704339
1.129704339
1.129704339
1.129704339
1.129704339
1.130543116
1.130543116
1.130543116
1.130543116
1.130543116
1.130543116
1.130543116
1.130543116
1.130543116
1.130543116
1.130543116
1.131382969
1.131382969
1.131382969
1.131382969
1.131382969
1.131382969
1.131382969
1.131382969
1.131382969
1.131382969
1.132223922
1.132223922
1.132223922
1.132223922
1.132223922
1.132223922
1.132223922
1.132223922
1.132223922
1.132223922
1.132223922
1.133068127
1.133068127
1.133068127
1.133068127
1.133068127
1.133068127
1.133068127
1.133068127
1.133068127
1.133068127
1.133068127
1.133913432
1.133913432
1.133913432
1.133913432
1.133913432
1.133913432
1.133913432
1.133913432
1.133913432
1.133913432
1.133913432
1.134761988
1.134761988
1.134761988
1.134761988
1.134761988
1.134761988
1.134761988
1.134761988
1.134761988
1.134761988
1.134761988
1.135610545
1.135610545
1.135610545
1.135610545
1.135610545
1.135610545
1.135610545
1.135610545
1.135610545
1.135610545
1.135610545
1.136461278
1.136461278
1.136461278
1.136461278
1.136461278
1.136461278
1.136461278
1.136461278
1.136461278
1.136461278
1.136461278
1.137314211
1.137314211
1.137314211
1.137314211
1.137314211
1.137314211
1.137314211
1.137314211
1.137314211
1.137314211
1.138169296
1.138169296
1.138169296
1.138169296
1.138169296
1.138169296
1.138169296
1.138169296
1.138169296
1.138169296
1.138169296
1.13902438
1.13902438
1.13902438
1.13902438
1.13902438
1.13902438
1.13902438
1.13902438
1.13902438
1.13902438
1.13902438
1.139883817
1.139883817
1.139883817
1.139883817
1.139883817
1.139883817
1.139883817
1.139883817
1.139883817
1.139883817
1.139883817
1.140743254
1.140743254
1.140743254
1.140743254
1.140743254
1.140743254
1.140743254
1.140743254
1.140743254
1.140743254
1.140743254
1.141604866
1.141604866
1.141604866
1.141604866
1.141604866
1.141604866
1.141604866
1.141604866
1.141604866
1.141604866
1.141604866
1.142469755
1.142469755
1.142469755
1.142469755
1.142469755
1.142469755
1.142469755
1.142469755
1.142469755
1.142469755
1.142469755
1.143333543
1.143333543
1.143333543
1.143333543
1.143333543
1.143333543
1.143333543
1.143333543
1.143333543
1.143333543
1.144201684
1.144201684
1.144201684
1.144201684
1.144201684
1.144201684
1.144201684
1.144201684
1.144201684
1.144201684
1.144201684
1.145070925
1.145070925
1.145070925
1.145070925
1.145070925
1.145070925
1.145070925
1.145070925
1.145070925
1.145070925
1.145070925
1.145942317
1.145942317
1.145942317
1.145942317
1.145942317
1.145942317
1.145942317
1.145942317
1.145942317
1.145942317
1.145942317
1.146814809
1.146814809
1.146814809
1.146814809
1.146814809
1.146814809
1.146814809
1.146814809
1.146814809
1.146814809
1.146814809
1.147688402
1.147688402
1.147688402
1.147688402
1.147688402
1.147688402
1.147688402
1.147688402
1.147688402
1.147688402
1.147688402
1.148565246
1.148565246
1.148565246
1.148565246
1.148565246
1.148565246
1.148565246
1.148565246
1.148565246
1.148565246
1.149444267
1.149444267
1.149444267
1.149444267
1.149444267
1.149444267
1.149444267
1.149444267
1.149444267
1.149444267
1.149444267
1.150323287
1.150323287
1.150323287
1.150323287
1.150323287
1.150323287
1.150323287
1.150323287
1.150323287
1.150323287
1.150323287
1.151205559
1.151205559
1.151205559
1.151205559
1.151205559
1.151205559
1.151205559
1.151205559
1.151205559
1.151205559
1.151205559
1.152090032
1.152090032
1.152090032
1.152090032
1.152090032
1.152090032
1.152090032
1.152090032
1.152090032
1.152090032
1.152090032
1.15297558
1.15297558
1.15297558
1.15297558
1.15297558
1.15297558
1.15297558
1.15297558
1.15297558
1.15297558
1.15297558
1.153861129
1.153861129
1.153861129
1.153861129
1.153861129
1.153861129
1.153861129
1.153861129
1.153861129
1.153861129
1.153861129
1.154751029
1.154751029
1.154751029
1.154751029
1.154751029
1.154751029
1.154751029
1.154751029
1.154751029
1.154751029
1.155642005
1.155642005
1.155642005
1.155642005
1.155642005
1.155642005
1.155642005
1.155642005
1.155642005
1.155642005
1.155642005
1.156535181
1.156535181
1.156535181
1.156535181
1.156535181
1.156535181
1.156535181
1.156535181
1.156535181
1.156535181
1.156535181
1.157429433
1.157429433
1.157429433
1.157429433
1.157429433
1.157429433
1.157429433
1.157429433
1.157429433
1.157429433
1.157429433
1.158325862
1.158325862
1.158325862
1.158325862
1.158325862
1.158325862
1.158325862
1.158325862
1.158325862
1.158325862
1.158325862
1.159223366
1.159223366
1.159223366
1.159223366
1.159223366
1.159223366
1.159223366
1.159223366
1.159223366
1.159223366
1.159223366
1.160124146
1.160124146
1.160124146
1.160124146
1.160124146
1.160124146
1.160124146
1.160124146
1.160124146
1.160124146
1.160124146
1.161024926
1.161024926
1.161024926
1.161024926
1.161024926
1.161024926
1.161024926
1.161024926
1.161024926
1.161024926
1.161930058
1.161930058
1.161930058
1.161930058
1.161930058
1.161930058
1.161930058
1.161930058
1.161930058
1.161930058
1.161930058
1.16283519
1.16283519
1.16283519
1.16283519
1.16283519
1.16283519
1.16283519
1.16283519
1.16283519
1.16283519
1.16283519
1.163741398
1.163741398
1.163741398
1.163741398
1.163741398
1.163741398
1.163741398
1.163741398
1.163741398
1.163741398
1.163741398
1.164650882
1.164650882
1.164650882
1.164650882
1.164650882
1.164650882
1.164650882
1.164650882
1.164650882
1.164650882
1.164650882
1.165562542
1.165562542
1.165562542
1.165562542
1.165562542
1.165562542
1.165562542
1.165562542
1.165562542
1.165562542
1.165562542
1.166475278
1.166475278
1.166475278
1.166475278
1.166475278
1.166475278
1.166475278
1.166475278
1.166475278
1.166475278
1.167389114
1.167389114
1.167389114
1.167389114
1.167389114
1.167389114
1.167389114
1.167389114
1.167389114
1.167389114
1.167389114
1.168305126
1.168305126
1.168305126
1.168305126
1.168305126
1.168305126
1.168305126
1.168305126
1.168305126
1.168305126
1.168305126
1.169224389
1.169224389
1.169224389
1.169224389
1.169224389
1.169224389
1.169224389
1.169224389
1.169224389
1.169224389
1.169224389
1.170144753
1.170144753
1.170144753
1.170144753
1.170144753
1.170144753
1.170144753
1.170144753
1.170144753
1.170144753
1.170144753
1.171065117
1.171065117
1.171065117
1.171065117
1.171065117
1.171065117
1.171065117
1.171065117
1.171065117
1.171065117
1.171065117
1.171988733
1.171988733
1.171988733
1.171988733
1.171988733
1.171988733
1.171988733
1.171988733
1.171988733
1.171988733
1.171988733
1.172914525
1.172914525
1.172914525
1.172914525
1.172914525
1.172914525
1.172914525
1.172914525
1.172914525
1.172914525
1.173841416
1.173841416
1.173841416
1.173841416
1.173841416
1.173841416
1.173841416
1.173841416
1.173841416
1.173841416
1.173841416
1.174770484
1.174770484
1.174770484
1.174770484
1.174770484
1.174770484
1.174770484
1.174770484
1.174770484
1.174770484
1.174770484
1.175701728
1.175701728
1.175701728
1.175701728
1.175701728
1.175701728
1.175701728
1.175701728
1.175701728
1.175701728
1.175701728
1.176634047
1.176634047
1.176634047
1.176634047
1.176634047
1.176634047
1.176634047
1.176634047
1.176634047
1.176634047
1.176634047
1.177568543
1.177568543
1.177568543
1.177568543
1.177568543
1.177568543
1.177568543
1.177568543
1.177568543
1.177568543
1.177568543
1.178505215
1.178505215
1.178505215
1.178505215
1.178505215
1.178505215
1.178505215
1.178505215
1.178505215
1.178505215
1.178505215
1.179442986
1.179442986
1.179442986
1.179442986
1.179442986
1.179442986
1.179442986
1.179442986
1.179442986
1.179442986
1.18038401
1.18038401
1.18038401
1.18038401
1.18038401
1.18038401
1.18038401
1.18038401
1.18038401
1.18038401
1.18038401
1.181326133
1.181326133
1.181326133
1.181326133
1.181326133
1.181326133
1.181326133
1.181326133
1.181326133
1.181326133
1.181326133
1.182269333
1.182269333
1.182269333
1.182269333
1.182269333
1.182269333
1.182269333
1.182269333
1.182269333
1.182269333
1.182269333
1.183214708
1.183214708
1.183214708
1.183214708
1.183214708
1.183214708
1.183214708
1.183214708
1.183214708
1.183214708
1.183214708
1.184161184
1.184161184
1.184161184
1.184161184
1.184161184
1.184161184
1.184161184
1.184161184
1.184161184
1.184161184
1.184161184
1.185110911
1.185110911
1.185110911
1.185110911
1.185110911
1.185110911
1.185110911
1.185110911
1.185110911
1.185110911
1.186061739
1.186061739
1.186061739
1.186061739
1.186061739
1.186061739
1.186061739
1.186061739
1.186061739
1.186061739
1.186061739
1.187013642
1.187013642
1.187013642
1.187013642
1.187013642
1.187013642
1.187013642
1.187013642
1.187013642
1.187013642
1.187013642
1.187968821
1.187968821
1.187968821
1.187968821
1.187968821
1.187968821
1.187968821
1.187968821
1.187968821
1.187968821
1.187968821
1.188925077
1.188925077
1.188925077
1.188925077
1.188925077
1.188925077
1.188925077
1.188925077
1.188925077
1.188925077
1.188925077
1.189883508
1.189883508
1.189883508
1.189883508
1.189883508
1.189883508
1.189883508
1.189883508
1.189883508
1.189883508
1.189883508
1.190844115
1.190844115
1.190844115
1.190844115
1.190844115
1.190844115
1.190844115
1.190844115
1.190844115
1.190844115
1.190844115
1.191804722
1.191804722
1.191804722
1.191804722
1.191804722
1.191804722
1.191804722
1.191804722
1.191804722
1.191804722
1.192768606
1.192768606
1.192768606
1.192768606
1.192768606
1.192768606
1.192768606
1.192768606
1.192768606
1.192768606
1.192768606
1.193733565
1.193733565
1.193733565
1.193733565
1.193733565
1.193733565
1.193733565
1.193733565
1.193733565
1.193733565
1.193733565
1.1947007
1.1947007
1.1947007
1.1947007
1.1947007
1.1947007
1.1947007
1.1947007
1.1947007
1.1947007
1.1947007
1.195670011
1.195670011
1.195670011
1.195670011
1.195670011
1.195670011
1.195670011
1.195670011
1.195670011
1.195670011
1.195670011
1.196641498
1.196641498
1.196641498
1.196641498
1.196641498
1.196641498
1.196641498
1.196641498
1.196641498
1.196641498
1.196641498
1.197612985
1.197612985
1.197612985
1.197612985
1.197612985
1.197612985
1.197612985
1.197612985
1.197612985
1.197612985
1.197612985
1.198588824
1.198588824
1.198588824
1.198588824
1.198588824
1.198588824
1.198588824
1.198588824
1.198588824
1.198588824
1.199564664
1.199564664
1.199564664
1.199564664
1.199564664
1.199564664
1.199564664
1.199564664
1.199564664
1.199564664
1.199564664
1.200542679
1.200542679
1.200542679
1.200542679
1.200542679
1.200542679
1.200542679
1.200542679
1.200542679
1.200542679
1.200542679
1.20152287
1.20152287
1.20152287
1.20152287
1.20152287
1.20152287
