1
1
1
1
1
1
1
1
1
1
1
1.000478866
1.000478866
1.000478866
1.000478866
1.000478866
1.000478866
1.000478866
1.000478866
1.000478866
1.000478866
1.000478866
1.000959888
1.000959888
1.000959888
1.000959888
1.000959888
1.000959888
1.000959888
1.000959888
1.000959888
1.000959888
1.000959888
1.001443068
1.001443068
1.001443068
1.001443068
1.001443068
1.001443068
1.001443068
1.001443068
1.001443068
1.001443068
1.001443068
1.00192733
1.00192733
1.00192733
1.00192733
1.00192733
1.00192733
1.00192733
1.00192733
1.00192733
1.00192733
1.00192733
1.002413741
1.002413741
1.002413741
1.002413741
1.002413741
1.002413741
1.002413741
1.002413741
1.002413741
1.002413741
1.002413741
1.002902318
1.002902318
1.002902318
1.002902318
1.002902318
1.002902318
1.002902318
1.002902318
1.002902318
1.002902318
1.003391969
1.003391969
1.003391969
1.003391969
1.003391969
1.003391969
1.003391969
1.003391969
1.003391969
1.003391969
1.003391969
1.003883777
1.003883777
1.003883777
1.003883777
1.003883777
1.003883777
1.003883777
1.003883777
1.003883777
1.003883777
1.003883777
1.004377742
1.004377742
1.004377742
1.004377742
1.004377742
1.004377742
1.004377742
1.004377742
1.004377742
1.004377742
1.004377742
1.00487279
1.00487279
1.00487279
1.00487279
1.00487279
1.00487279
1.00487279
1.00487279
1.00487279
1.00487279
1.00487279
1.005371069
1.005371069
1.005371069
1.005371069
1.005371069
1.005371069
1.005371069
1.005371069
1.005371069
1.005371069
1.005371069
1.005869349
1.005869349
1.005869349
1.005869349
1.005869349
1.005869349
1.005869349
1.005869349
1.005869349
1.005869349
1.005869349
1.006370868
1.006370868
1.006370868
1.006370868
1.006370868
1.006370868
1.006370868
1.006370868
1.006370868
1.006370868
1.006873461
1.006873461
1.006873461
1.006873461
1.006873461
1.006873461
1.006873461
1.006873461
1.006873461
1.006873461
1.006873461
1.007378212
1.007378212
1.007378212
1.007378212
1.007378212
1.007378212
1.007378212
1.007378212
1.007378212
1.007378212
1.007378212
1.007884045
1.007884045
1.007884045
1.007884045
1.007884045
1.007884045
1.007884045
1.007884045
1.007884045
1.007884045
1.007884045
1.00839311
1.00839311
1.00839311
1.00839311
1.00839311
1.00839311
1.00839311
1.00839311
1.00839311
1.00839311
1.00839311
1.008902175
1.008902175
1.008902175
1.008902175
1.008902175
1.008902175
1.008902175
1.008902175
1.008902175
1.008902175
1.008902175
1.009415554
1.009415554
1.009415554
1.009415554
1.009415554
1.009415554
1.009415554
1.009415554
1.009415554
1.009415554
1.009928933
1.009928933
1.009928933
1.009928933
1.009928933
1.009928933
1.009928933
1.009928933
1.009928933
1.009928933
1.009928933
1.010443394
1.010443394
1.010443394
1.010443394
1.010443394
1.010443394
1.010443394
1.010443394
1.010443394
1.010443394
1.010443394
1.010961087
1.010961087
1.010961087
1.010961087
1.010961087
1.010961087
1.010961087
1.010961087
1.010961087
1.010961087
1.010961087
1.011480938
1.011480938
1.011480938
1.011480938
1.011480938
1.011480938
1.011480938
1.011480938
1.011480938
1.011480938
1.011480938
1.012000788
1.012000788
1.012000788
1.012000788
1.012000788
1.012000788
1.012000788
1.012000788
1.012000788
1.012000788
1.012000788
1.012523878
1.012523878
1.012523878
1.012523878
1.012523878
1.012523878
1.012523878
1.012523878
1.012523878
1.012523878
1.012523878
1.013049117
1.013049117
1.013049117
1.013049117
1.013049117
1.013049117
1.013049117
1.013049117
1.013049117
1.013049117
1.013574364
1.013574364
1.013574364
1.013574364
1.013574364
1.013574364
1.013574364
1.013574364
1.013574364
1.013574364
1.013574364
1.014103925
1.014103925
1.014103925
1.014103925
1.014103925
1.014103925
1.014103925
1.014103925
1.014103925
1.014103925
1.014103925
1.014633478
1.014633478
1.014633478
1.014633478
1.014633478
1.014633478
1.014633478
1.014633478
1.014633478
1.014633478
1.014633478
1.015165196
1.015165196
1.015165196
1.015165196
1.015165196
1.015165196
1.015165196
1.015165196
1.015165196
1.015165196
1.015165196
1.015700146
1.015700146
1.015700146
1.015700146
1.015700146
1.015700146
1.015700146
1.015700146
1.015700146
1.015700146
1.015700146
1.016235096
1.016235096
1.016235096
1.016235096
1.016235096
1.016235096
1.016235096
1.016235096
1.016235096
1.016235096
1.016235096
1.016772203
1.016772203
1.016772203
1.016772203
1.016772203
1.016772203
1.016772203
1.016772203
1.016772203
1.016772203
1.017311467
1.017311467
1.017311467
1.017311467
1.017311467
1.017311467
1.017311467
1.017311467
1.017311467
1.017311467
1.017311467
1.017852888
1.017852888
1.017852888
1.017852888
1.017852888
1.017852888
1.017852888
1.017852888
1.017852888
1.017852888
1.017852888
1.018395392
1.018395392
1.018395392
1.018395392
1.018395392
1.018395392
1.018395392
1.018395392
1.018395392
1.018395392
1.018395392
1.018940053
1.018940053
1.018940053
1.018940053
1.018940053
1.018940053
1.018940053
1.018940053
1.018940053
1.018940053
1.018940053
1.019486862
1.019486862
1.019486862
1.019486862
1.019486862
1.019486862
1.019486862
1.019486862
1.019486862
1.019486862
1.019486862
1.020035837
1.020035837
1.020035837
1.020035837
1.020035837
1.020035837
1.020035837
1.020035837
1.020035837
1.020035837
1.020585887
1.020585887
1.020585887
1.020585887
1.020585887
1.020585887
1.020585887
1.020585887
1.020585887
1.020585887
1.020585887
1.021138093
1.021138093
1.021138093
1.021138093
1.021138093
1.021138093
1.021138093
1.021138093
1.021138093
1.021138093
1.021138093
1.021691383
1.021691383
1.021691383
1.021691383
1.021691383
1.021691383
1.021691383
1.021691383
1.021691383
1.021691383
1.021691383
1.022246821
1.022246821
1.022246821
1.022246821
1.022246821
1.022246821
1.022246821
1.022246821
1.022246821
1.022246821
1.022246821
1.022804424
1.022804424
1.022804424
1.022804424
1.022804424
1.022804424
1.022804424
1.022804424
1.022804424
1.022804424
1.022804424
1.023363102
1.023363102
1.023363102
1.023363102
1.023363102
1.023363102
1.023363102
1.023363102
1.023363102
1.023363102
1.023363102
1.023923937
1.023923937
1.023923937
1.023923937
1.023923937
1.023923937
1.023923937
1.023923937
1.023923937
1.023923937
1.024486929
1.024486929
1.024486929
1.024486929
1.024486929
1.024486929
1.024486929
1.024486929
1.024486929
1.024486929
1.024486929
1.025052078
1.025052078
1.025052078
1.025052078
1.025052078
1.025052078
1.025052078
1.025052078
1.025052078
1.025052078
1.025052078
1.02561831
1.02561831
1.02561831
1.02561831
1.02561831
1.02561831
1.02561831
1.02561831
1.02561831
1.02561831
1.02561831
1.026187773
1.026187773
1.026187773
1.026187773
1.026187773
1.026187773
1.026187773
1.026187773
1.026187773
1.026187773
1.026187773
1.026757236
1.026757236
1.026757236
1.026757236
1.026757236
1.026757236
1.026757236
1.026757236
1.026757236
1.026757236
1.026757236
1.027328857
1.027328857
1.027328857
1.027328857
1.027328857
1.027328857
1.027328857
1.027328857
1.027328857
1.027328857
1.027328857
1.027903717
1.027903717
1.027903717
1.027903717
1.027903717
1.027903717
1.027903717
1.027903717
1.027903717
1.027903717
1.028477494
1.028477494
1.028477494
1.028477494
1.028477494
1.028477494
1.028477494
1.028477494
1.028477494
1.028477494
1.028477494
1.029055586
1.029055586
1.029055586
1.029055586
1.029055586
1.029055586
1.029055586
1.029055586
1.029055586
1.029055586
1.029055586
1.029635835
1.029635835
1.029635835
1.029635835
1.029635835
1.029635835
1.029635835
1.029635835
1.029635835
1.029635835
1.029635835
1.030216083
1.030216083
1.030216083
1.030216083
1.030216083
1.030216083
1.030216083
1.030216083
1.030216083
1.030216083
1.030216083
1.030799572
1.030799572
1.030799572
1.030799572
1.030799572
1.030799572
1.030799572
1.030799572
1.030799572
1.030799572
1.030799572
1.031384135
1.031384135
1.031384135
1.031384135
1.031384135
1.031384135
1.031384135
1.031384135
1.031384135
1.031384135
1.031970855
1.031970855
1.031970855
1.031970855
1.031970855
1.031970855
1.031970855
1.031970855
1.031970855
1.031970855
1.031970855
1.032558657
1.032558657
1.032558657
1.032558657
1.032558657
1.032558657
1.032558657
1.032558657
1.032558657
1.032558657
1.032558657
1.033149691
1.033149691
1.033149691
1.033149691
1.033149691
1.033149691
1.033149691
1.033149691
1.033149691
1.033149691
1.033149691
1.033740726
1.033740726
1.033740726
1.033740726
1.033740726
1.033740726
1.033740726
1.033740726
1.033740726
1.033740726
1.033740726
1.034336074
1.034336074
1.034336074
1.034336074
1.034336074
1.034336074
1.034336074
1.034336074
1.034336074
1.034336074
1.034336074
1.034931422
1.034931422
1.034931422
1.034931422
1.034931422
1.034931422
1.034931422
1.034931422
1.034931422
1.034931422
1.034931422
1.035527853
1.035527853
1.035527853
1.035527853
1.035527853
1.035527853
1.035527853
1.035527853
1.035527853
1.035527853
1.036127516
1.036127516
1.036127516
1.036127516
1.036127516
1.036127516
1.036127516
1.036127516
1.036127516
1.036127516
1.036127516
1.036729335
1.036729335
1.036729335
1.036729335
1.036729335
1.036729335
1.036729335
1.036729335
1.036729335
1.036729335
1.036729335
1.037331155
1.037331155
1.037331155
1.037331155
1.037331155
1.037331155
1.037331155
1.037331155
1.037331155
1.037331155
1.037331155
1.037936214
1.037936214
1.037936214
1.037936214
1.037936214
1.037936214
1.037936214
1.037936214
1.037936214
1.037936214
1.037936214
1.038543423
1.038543423
1.038543423
1.038543423
1.038543423
1.038543423
1.038543423
1.038543423
1.038543423
1.038543423
1.038543423
1.039151713
1.039151713
1.039151713
1.039151713
1.039151713
1.039151713
1.039151713
1.039151713
1.039151713
1.039151713
1.039151713
1.039761087
1.039761087
1.039761087
1.039761087
1.039761087
1.039761087
1.039761087
1.039761087
1.039761087
1.039761087
1.040373692
1.040373692
1.040373692
1.040373692
1.040373692
1.040373692
1.040373692
1.040373692
1.040373692
1.040373692
1.040373692
1.040988454
1.040988454
1.040988454
1.040988454
1.040988454
1.040988454
1.040988454
1.040988454
1.040988454
1.040988454
1.040988454
1.041603216
1.041603216
1.041603216
1.041603216
1.041603216
1.041603216
1.041603216
1.041603216
1.041603216
1.041603216
1.041603216
1.042221218
1.042221218
1.042221218
1.042221218
1.042221218
1.042221218
1.042221218
1.042221218
1.042221218
1.042221218
1.042221218
1.042840295
1.042840295
1.042840295
1.042840295
1.042840295
1.042840295
1.042840295
1.042840295
1.042840295
1.042840295
1.042840295
1.043461528
1.043461528
1.043461528
1.043461528
1.043461528
1.043461528
1.043461528
1.043461528
1.043461528
1.043461528
1.044084919
1.044084919
1.044084919
1.044084919
1.044084919
1.044084919
1.044084919
1.044084919
1.044084919
1.044084919
1.044084919
1.044709392
1.044709392
1.044709392
1.044709392
1.044709392
1.044709392
1.044709392
1.044709392
1.044709392
1.044709392
1.044709392
1.045336014
1.045336014
1.045336014
1.045336014
1.045336014
1.045336014
1.045336014
1.045336014
1.045336014
1.045336014
1.045336014
1.045964801
1.045964801
1.045964801
1.045964801
1.045964801
1.045964801
1.045964801
1.045964801
1.045964801
1.045964801
1.045964801
1.046594663
1.046594663
1.046594663
1.046594663
1.046594663
1.046594663
1.046594663
1.046594663
1.046594663
1.046594663
1.046594663
1.047226682
1.047226682
1.047226682
1.047226682
1.047226682
1.047226682
1.047226682
1.047226682
1.047226682
1.047226682
1.047226682
1.047860858
1.047860858
1.047860858
1.047860858
1.047860858
1.047860858
1.047860858
1.047860858
1.047860858
1.047860858
1.048496116
1.048496116
1.048496116
1.048496116
1.048496116
1.048496116
1.048496116
1.048496116
1.048496116
1.048496116
1.048496116
1.049133524
1.049133524
1.049133524
1.049133524
1.049133524
1.049133524
1.049133524
1.049133524
1.049133524
1.049133524
1.049133524
1.049773096
1.049773096
1.049773096
1.049773096
1.049773096
1.049773096
1.049773096
1.049773096
1.049773096
1.049773096
1.049773096
1.050413744
1.050413744
1.050413744
1.050413744
1.050413744
1.050413744
1.050413744
1.050413744
1.050413744
1.050413744
1.050413744
1.051057631
1.051057631
1.051057631
1.051057631
1.051057631
1.051057631
1.051057631
1.051057631
1.051057631
1.051057631
1.051057631
1.051702592
1.051702592
1.051702592
1.051702592
1.051702592
1.051702592
1.051702592
1.051702592
1.051702592
1.051702592
1.051702592
1.052348628
1.052348628
1.052348628
1.052348628
1.052348628
1.052348628
1.052348628
1.052348628
1.052348628
1.052348628
1.052996829
1.052996829
1.052996829
1.052996829
1.052996829
1.052996829
1.052996829
1.052996829
1.052996829
1.052996829
1.052996829
1.053648262
1.053648262
1.053648262
1.053648262
1.053648262
1.053648262
1.053648262
1.053648262
1.053648262
1.053648262
1.053648262
1.054299694
1.054299694
1.054299694
1.054299694
1.054299694
1.054299694
1.054299694
1.054299694
1.054299694
1.054299694
1.054299694
1.054953284
1.054953284
1.054953284
1.054953284
1.054953284
1.054953284
1.054953284
1.054953284
1.054953284
1.054953284
1.054953284
1.055609031
1.055609031
1.055609031
1.055609031
1.055609031
1.055609031
1.055609031
1.055609031
1.055609031
1.055609031
1.055609031
1.056266935
1.056266935
1.056266935
1.056266935
1.056266935
1.056266935
1.056266935
1.056266935
1.056266935
1.056266935
1.056925921
1.056925921
1.056925921
1.056925921
1.056925921
1.056925921
1.056925921
1.056925921
1.056925921
1.056925921
1.056925921
1.05758814
1.05758814
1.05758814
1.05758814
1.05758814
1.05758814
1.05758814
1.05758814
1.05758814
1.05758814
1.05758814
1.058250358
1.058250358
1.058250358
1.058250358
1.058250358
1.058250358
1.058250358
1.058250358
1.058250358
1.058250358
1.058250358
1.058915815
1.058915815
1.058915815
1.058915815
1.058915815
1.058915815
1.058915815
1.058915815
1.058915815
1.058915815
1.058915815
1.059582348
1.059582348
1.059582348
1.059582348
1.059582348
1.059582348
1.059582348
1.059582348
1.059582348
1.059582348
1.059582348
1.060251037
1.060251037
1.060251037
1.060251037
1.060251037
1.060251037
1.060251037
1.060251037
1.060251037
1.060251037
1.060251037
1.060921884
1.060921884
1.060921884
1.060921884
1.060921884
1.060921884
1.060921884
1.060921884
1.060921884
1.060921884
1.06159273
1.06159273
1.06159273
1.06159273
1.06159273
1.06159273
1.06159273
1.06159273
1.06159273
1.06159273
1.06159273
1.062267891
1.062267891
1.062267891
1.062267891
1.062267891
1.062267891
1.062267891
1.062267891
1.062267891
1.062267891
1.062267891
1.062943051
1.062943051
1.062943051
1.062943051
1.062943051
1.062943051
1.062943051
1.062943051
1.062943051
1.062943051
1.062943051
1.063620369
1.063620369
1.063620369
1.063620369
1.063620369
1.063620369
1.063620369
1.063620369
1.063620369
1.063620369
1.063620369
1.064300927
1.064300927
1.064300927
1.064300927
1.064300927
1.064300927
1.064300927
1.064300927
1.064300927
1.064300927
1.064300927
1.064981476
1.064981476
1.064981476
1.064981476
1.064981476
1.064981476
1.064981476
1.064981476
1.064981476
1.064981476
1.064981476
1.06566419
1.06566419
1.06566419
1.06566419
1.06566419
1.06566419
1.06566419
1.06566419
1.06566419
1.06566419
1.066350136
1.066350136
1.066350136
1.066350136
1.066350136
1.066350136
1.066350136
1.066350136
1.066350136
1.066350136
1.066350136
1.067036083
1.067036083
1.067036083
1.067036083
1.067036083
1.067036083
1.067036083
1.067036083
1.067036083
1.067036083
1.067036083
1.067725268
1.067725268
1.067725268
1.067725268
1.067725268
1.067725268
1.067725268
1.067725268
1.067725268
1.067725268
1.067725268
1.068415529
1.068415529
1.068415529
1.068415529
1.068415529
1.068415529
1.068415529
1.068415529
1.068415529
1.068415529
1.068415529
1.069107946
1.069107946
1.069107946
1.069107946
1.069107946
1.069107946
1.069107946
1.069107946
1.069107946
1.069107946
1.069107946
1.069800363
1.069800363
1.069800363
1.069800363
1.069800363
1.069800363
1.069800363
1.069800363
1.069800363
1.069800363
1.070497095
1.070497095
1.070497095
1.070497095
1.070497095
1.070497095
1.070497095
1.070497095
1.070497095
1.070497095
1.070497095
1.071194909
1.071194909
1.071194909
1.071194909
1.071194909
1.071194909
1.071194909
1.071194909
1.071194909
1.071194909
1.071194909
1.071893798
1.071893798
1.071893798
1.071893798
1.071893798
1.071893798
1.071893798
1.071893798
1.071893798
1.071893798
1.071893798
1.072595918
1.072595918
1.072595918
1.072595918
1.072595918
1.072595918
1.072595918
1.072595918
1.072595918
1.072595918
1.072595918
1.073298046
1.073298046
1.073298046
1.073298046
1.073298046
1.073298046
1.073298046
1.073298046
1.073298046
1.073298046
1.073298046
1.074003406
1.074003406
1.074003406
1.074003406
1.074003406
1.074003406
1.074003406
1.074003406
1.074003406
1.074003406
1.074003406
1.074710923
1.074710923
1.074710923
1.074710923
1.074710923
1.074710923
1.074710923
1.074710923
1.074710923
1.074710923
1.07541844
1.07541844
1.07541844
1.07541844
1.07541844
1.07541844
1.07541844
1.07541844
1.07541844
1.07541844
1.07541844
1.076129197
1.076129197
1.076129197
1.076129197
1.076129197
1.076129197
1.076129197
1.076129197
1.076129197
1.076129197
1.076129197
1.076841028
1.076841028
1.076841028
1.076841028
1.076841028
1.076841028
1.076841028
1.076841028
1.076841028
1.076841028
1.076841028
1.077555016
1.077555016
1.077555016
1.077555016
1.077555016
1.077555016
1.077555016
1.077555016
1.077555016
1.077555016
1.077555016
1.078271161
1.078271161
1.078271161
1.078271161
1.078271161
1.078271161
1.078271161
1.078271161
1.078271161
1.078271161
1.078271161
1.078989464
1.078989464
1.078989464
1.078989464
1.078989464
1.078989464
1.078989464
1.078989464
1.078989464
1.078989464
1.078989464
1.079707766
1.079707766
1.079707766
1.079707766
1.079707766
1.079707766
1.079707766
1.079707766
1.079707766
1.079707766
1.080430383
1.080430383
1.080430383
1.080430383
1.080430383
1.080430383
1.080430383
1.080430383
1.080430383
1.080430383
1.080430383
1.081153
1.081153
1.081153
1.081153
1.081153
1.081153
1.081153
1.081153
1.081153
1.081153
1.081153
1.081877773
1.081877773
1.081877773
1.081877773
1.081877773
1.081877773
1.081877773
1.081877773
1.081877773
1.081877773
1.081877773
1.082604704
1.082604704
1.082604704
1.082604704
1.082604704
1.082604704
1.082604704
1.082604704
1.082604704
1.082604704
1.082604704
1.083332717
1.083332717
1.083332717
1.083332717
1.083332717
1.083332717
1.083332717
1.083332717
1.083332717
1.083332717
1.083332717
1.084063962
1.084063962
1.084063962
1.084063962
1.084063962
1.084063962
1.084063962
1.084063962
1.084063962
1.084063962
1.084795207
1.084795207
1.084795207
1.084795207
1.084795207
1.084795207
1.084795207
1.084795207
1.084795207
1.084795207
1.084795207
1.085530766
1.085530766
1.085530766
1.085530766
1.085530766
1.085530766
1.085530766
1.085530766
1.085530766
1.085530766
1.085530766
1.086266326
1.086266326
1.086266326
1.086266326
1.086266326
1.086266326
1.086266326
1.086266326
1.086266326
1.086266326
1.086266326
1.087004042
1.087004042
1.087004042
1.087004042
1.087004042
1.087004042
1.087004042
1.087004042
1.087004042
1.087004042
1.087004042
1.087742841
1.087742841
1.087742841
1.087742841
1.087742841
1.087742841
1.087742841
1.087742841
1.087742841
1.087742841
1.087742841
1.088484871
1.088484871
1.088484871
1.088484871
1.088484871
1.088484871
1.088484871
1.088484871
1.088484871
1.088484871
1.088484871
1.089226902
1.089226902
1.089226902
1.089226902
1.089226902
1.089226902
1.089226902
1.089226902
1.089226902
1.089226902
1.089973246
1.089973246
1.089973246
1.089973246
1.089973246
1.089973246
1.089973246
1.089973246
1.089973246
1.089973246
1.089973246
1.090719591
1.090719591
1.090719591
1.090719591
1.090719591
1.090719591
1.090719591
1.090719591
1.090719591
1.090719591
1.090719591
1.091468092
1.091468092
1.091468092
1.091468092
1.091468092
1.091468092
1.091468092
1.091468092
1.091468092
1.091468092
1.091468092
1.092218751
1.092218751
1.092218751
1.092218751
1.092218751
1.092218751
1.092218751
1.092218751
1.092218751
1.092218751
1.092218751
1.092970493
1.092970493
1.092970493
1.092970493
1.092970493
1.092970493
1.092970493
1.092970493
1.092970493
1.092970493
1.092970493
1.093725465
1.093725465
1.093725465
1.093725465
1.093725465
1.093725465
1.093725465
1.093725465
1.093725465
1.093725465
1.093725465
1.094480438
1.094480438
1.094480438
1.094480438
1.094480438
1.094480438
1.094480438
1.094480438
1.094480438
1.094480438
1.095239726
1.095239726
1.095239726
1.095239726
1.095239726
1.095239726
1.095239726
1.095239726
1.095239726
1.095239726
1.095239726
1.095999013
1.095999013
1.095999013
1.095999013
1.095999013
1.095999013
1.095999013
1.095999013
1.095999013
1.095999013
1.095999013
1.096760457
1.096760457
1.096760457
1.096760457
1.096760457
1.096760457
1.096760457
1.096760457
1.096760457
1.096760457
1.096760457
1.097522984
1.097522984
1.097522984
1.097522984
1.097522984
1.097522984
1.097522984
1.097522984
1.097522984
1.097522984
1.097522984
1.098287659
1.098287659
1.098287659
1.098287659
1.098287659
1.098287659
1.098287659
1.098287659
1.098287659
1.098287659
1.098287659
1.0990545
1.0990545
1.0990545
1.0990545
1.0990545
1.0990545
1.0990545
1.0990545
1.0990545
1.0990545
1.09982349
1.09982349
1.09982349
1.09982349
1.09982349
1.09982349
1.09982349
1.09982349
1.09982349
1.09982349
1.09982349
1.100594646
1.100594646
1.100594646
1.100594646
1.100594646
1.100594646
1.100594646
1.100594646
1.100594646
1.100594646
1.100594646
1.101366875
1.101366875
1.101366875
1.101366875
1.101366875
1.101366875
1.101366875
1.101366875
1.101366875
1.101366875
1.101366875
1.102141262
1.102141262
1.102141262
1.102141262
1.102141262
1.102141262
1.102141262
1.102141262
1.102141262
1.102141262
1.102141262
1.102915649
1.102915649
1.102915649
1.102915649
1.102915649
1.102915649
1.102915649
1.102915649
1.102915649
1.102915649
1.102915649
1.10369435
1.10369435
1.10369435
1.10369435
1.10369435
1.10369435
1.10369435
1.10369435
1.10369435
1.10369435
1.10369435
1.104474133
1.104474133
1.104474133
1.104474133
1.104474133
1.104474133
1.104474133
1.104474133
1.104474133
1.104474133
1.105254991
1.105254991
1.105254991
1.105254991
1.105254991
1.105254991
1.105254991
1.105254991
1.105254991
1.105254991
1.105254991
1.106038006
1.106038006
1.106038006
1.106038006
1.106038006
1.106038006
1.106038006
1.106038006
1.106038006
1.106038006
1.106038006
1.106823178
1.106823178
1.106823178
1.106823178
1.106823178
1.106823178
1.106823178
1.106823178
1.106823178
1.106823178
1.106823178
1.107610508
1.107610508
1.107610508
1.107610508
1.107610508
1.107610508
1.107610508
1.107610508
1.107610508
1.107610508
1.107610508
1.108399994
1.108399994
1.108399994
1.108399994
1.108399994
1.108399994
1.108399994
1.108399994
1.108399994
1.108399994
1.108399994
1.10918948
1.10918948
1.10918948
1.10918948
1.10918948
1.10918948
1.10918948
1.10918948
1.10918948
1.10918948
1.10918948
1.109982207
1.109982207
1.109982207
1.109982207
1.109982207
1.109982207
1.109982207
1.109982207
1.109982207
1.109982207
1.110776007
1.110776007
1.110776007
1.110776007
1.110776007
1.110776007
1.110776007
1.110776007
1.110776007
1.110776007
1.110776007
1.111571965
1.111571965
1.111571965
1.111571965
1.111571965
1.111571965
1.111571965
1.111571965
1.111571965
1.111571965
1.111571965
1.112370079
1.112370079
1.112370079
1.112370079
1.112370079
1.112370079
1.112370079
1.112370079
1.112370079
1.112370079
1.112370079
1.113170351
1.113170351
1.113170351
1.113170351
1.113170351
1.113170351
1.113170351
1.113170351
1.113170351
1.113170351
1.113170351
1.113970623
1.113970623
1.113970623
1.113970623
1.113970623
1.113970623
1.113970623
1.113970623
1.113970623
1.113970623
1.113970623
1.114775209
1.114775209
1.114775209
1.114775209
1.114775209
1.114775209
1.114775209
1.114775209
1.114775209
1.114775209
1.115579795
1.115579795
1.115579795
1.115579795
1.115579795
1.115579795
1.115579795
1.115579795
1.115579795
1.115579795
1.115579795
1.116386538
1.116386538
1.116386538
1.116386538
1.116386538
1.116386538
1.116386538
1.116386538
1.116386538
1.116386538
1.116386538
1.117195438
1.117195438
1.117195438
1.117195438
1.117195438
1.117195438
1.117195438
1.117195438
1.117195438
1.117195438
1.117195438
1.118005421
1.118005421
1.118005421
1.118005421
1.118005421
1.118005421
1.118005421
1.118005421
1.118005421
1.118005421
1.118005421
1.118817553
1.118817553
1.118817553
1.118817553
1.118817553
1.118817553
1.118817553
1.118817553
1.118817553
1.118817553
1.118817553
1.11963185
1.11963185
1.11963185
1.11963185
1.11963185
1.11963185
1.11963185
1.11963185
1.11963185
1.11963185
1.11963185
1.120448296
1.120448296
1.120448296
1.120448296
1.120448296
1.120448296
1.120448296
1.120448296
1.120448296
1.120448296
1.121265824
1.121265824
1.121265824
1.121265824
1.121265824
1.121265824
1.121265824
1.121265824
1.121265824
1.121265824
1.121265824
1.122086592
1.122086592
1.122086592
1.122086592
1.122086592
1.122086592
1.122086592
1.122086592
1.122086592
1.122086592
1.122086592
1.122906278
1.122906278
1.122906278
1.122906278
1.122906278
1.122906278
1.122906278
1.122906278
1.122906278
1.122906278
1.122906278
1.123730278
1.123730278
1.123730278
1.123730278
1.123730278
1.123730278
1.123730278
1.123730278
1.123730278
1.123730278
1.123730278
1.12455536
1.12455536
1.12455536
1.12455536
1.12455536
1.12455536
1.12455536
1.12455536
1.12455536
1.12455536
1.12455536
1.125382592
1.125382592
1.125382592
1.125382592
1.125382592
1.125382592
1.125382592
1.125382592
1.125382592
1.125382592
1.125382592
1.126210906
1.126210906
1.126210906
1.126210906
1.126210906
1.126210906
1.126210906
1.126210906
1.126210906
1.126210906
1.127041377
1.127041377
1.127041377
1.127041377
1.127041377
1.127041377
1.127041377
1.127041377
1.127041377
1.127041377
1.127041377
1.127874005
1.127874005
1.127874005
1.127874005
1.127874005
1.127874005
1.127874005
1.127874005
1.127874005
1.127874005
1.127874005
1.128707716
1.128707716
1.128707716
1.128707716
1.128707716
1.128707716
1.128707716
1.128707716
1.128707716
1.128707716
1.128707716
1.129544658
1.129544658
1.129544658
1.129544658
1.129544658
1.129544658
1.129544658
1.129544658
1.129544658
1.129544658
1.129544658
1.1303816
1.1303816
1.1303816
1.1303816
1.1303816
1.1303816
1.1303816
1.1303816
1.1303816
1.1303816
1.1303816
1.131222857
1.131222857
1.131222857
1.131222857
1.131222857
1.131222857
1.131222857
1.131222857
1.131222857
1.131222857
1.132064113
1.132064113
1.132064113
1.132064113
1.132064113
1.132064113
1.132064113
1.132064113
1.132064113
1.132064113
1.132064113
1.132907527
1.132907527
1.132907527
1.132907527
1.132907527
1.132907527
1.132907527
1.132907527
1.132907527
1.132907527
1.132907527
1.133752023
1.133752023
1.133752023
1.133752023
1.133752023
1.133752023
1.133752023
1.133752023
1.133752023
1.133752023
1.133752023
1.134598668
1.134598668
1.134598668
1.134598668
1.134598668
1.134598668
1.134598668
1.134598668
1.134598668
1.134598668
1.134598668
1.135447479
1.135447479
1.135447479
1.135447479
1.135447479
1.135447479
1.135447479
1.135447479
1.135447479
1.135447479
1.135447479
1.136298438
1.136298438
1.136298438
1.136298438
1.136298438
1.136298438
1.136298438
1.136298438
1.136298438
1.136298438
1.136298438
1.13715048
1.13715048
1.13715048
1.13715048
1.13715048
1.13715048
1.13715048
1.13715048
1.13715048
1.13715048
1.138005762
1.138005762
1.138005762
1.138005762
1.138005762
1.138005762
1.138005762
1.138005762
1.138005762
1.138005762
1.138005762
1.138861035
1.138861035
1.138861035
1.138861035
1.138861035
1.138861035
1.138861035
1.138861035
1.138861035
1.138861035
1.138861035
1.139718474
1.139718474
1.139718474
1.139718474
1.139718474
1.139718474
1.139718474
1.139718474
1.139718474
1.139718474
1.139718474
1.140579144
1.140579144
1.140579144
1.140579144
1.140579144
1.140579144
1.140579144
1.140579144
1.140579144
1.140579144
1.140579144
1.141439814
1.141439814
1.141439814
1.141439814
1.141439814
1.141439814
1.141439814
1.141439814
1.141439814
1.141439814
1.141439814
1.142303724
1.142303724
1.142303724
1.142303724
1.142303724
1.142303724
1.142303724
1.142303724
1.142303724
1.142303724
1.142303724
1.143168709
1.143168709
1.143168709
1.143168709
1.143168709
1.143168709
1.143168709
1.143168709
1.143168709
1.143168709
1.144035851
1.144035851
1.144035851
1.144035851
1.144035851
1.144035851
1.144035851
1.144035851
1.144035851
1.144035851
1.144035851
1.144904066
1.144904066
1.144904066
1.144904066
1.144904066
1.144904066
1.144904066
1.144904066
1.144904066
1.144904066
1.144904066
1.145775522
1.145775522
1.145775522
1.145775522
1.145775522
1.145775522
1.145775522
1.145775522
1.145775522
1.145775522
1.145775522
1.146648061
1.146648061
1.146648061
1.146648061
1.146648061
1.146648061
1.146648061
1.146648061
1.146648061
1.146648061
1.146648061
1.147521673
1.147521673
1.147521673
1.147521673
1.147521673
1.147521673
1.147521673
1.147521673
1.147521673
1.147521673
1.147521673
1.148398518
1.148398518
1.148398518
1.148398518
1.148398518
1.148398518
1.148398518
1.148398518
1.148398518
1.148398518
1.14927537
1.14927537
1.14927537
1.14927537
1.14927537
1.14927537
1.14927537
1.14927537
1.14927537
1.14927537
1.14927537
1.150155455
1.150155455
1.150155455
1.150155455
1.150155455
1.150155455
1.150155455
1.150155455
1.150155455
1.150155455
1.150155455
1.151037696
1.151037696
1.151037696
1.151037696
1.151037696
1.151037696
1.151037696
1.151037696
1.151037696
1.151037696
1.151037696
1.151919937
1.151919937
1.151919937
1.151919937
1.151919937
1.151919937
1.151919937
1.151919937
1.151919937
1.151919937
1.151919937
1.152806492
1.152806492
1.152806492
1.152806492
1.152806492
1.152806492
1.152806492
1.152806492
1.152806492
1.152806492
1.152806492
1.153693048
1.153693048
1.153693048
1.153693048
1.153693048
1.153693048
1.153693048
1.153693048
1.153693048
1.153693048
1.153693048
1.15458176
1.15458176
1.15458176
1.15458176
1.15458176
1.15458176
1.15458176
1.15458176
1.15458176
1.15458176
1.15547263
1.15547263
1.15547263
1.15547263
1.15547263
1.15547263
1.15547263
1.15547263
1.15547263
1.15547263
1.15547263
1.156365656
1.156365656
1.156365656
1.156365656
1.156365656
1.156365656
1.156365656
1.156365656
1.156365656
1.156365656
1.156365656
1.157259766
1.157259766
1.157259766
1.157259766
1.157259766
1.157259766
1.157259766
1.157259766
1.157259766
1.157259766
1.157259766
1.158156024
1.158156024
1.158156024
1.158156024
1.158156024
1.158156024
1.158156024
1.158156024
1.158156024
1.158156024
1.158156024
1.159053365
1.159053365
1.159053365
1.159053365
1.159053365
1.159053365
1.159053365
1.159053365
1.159053365
1.159053365
1.159053365
1.159953945
1.159953945
1.159953945
1.159953945
1.159953945
1.159953945
1.159953945
1.159953945
1.159953945
1.159953945
1.159953945
1.1608556
1.1608556
1.1608556
1.1608556
1.1608556
1.1608556
1.1608556
1.1608556
1.1608556
1.1608556
1.16175833
1.16175833
1.16175833
1.16175833
1.16175833
1.16175833
1.16175833
1.16175833
1.16175833
1.16175833
1.16175833
1.162663224
1.162663224
1.162663224
1.162663224
1.162663224
1.162663224
1.162663224
1.162663224
1.162663224
1.162663224
1.162663224
1.163571351
1.163571351
1.163571351
1.163571351
1.163571351
1.163571351
1.163571351
1.163571351
1.163571351
1.163571351
1.163571351
1.164479477
1.164479477
1.164479477
1.164479477
1.164479477
1.164479477
1.164479477
1.164479477
1.164479477
1.164479477
1.164479477
1.16538976
1.16538976
1.16538976
1.16538976
1.16538976
1.16538976
1.16538976
1.16538976
1.16538976
1.16538976
1.16538976
1.166302201
1.166302201
1.166302201
1.166302201
1.166302201
1.166302201
1.166302201
1.166302201
1.166302201
1.166302201
1.167216798
1.167216798
1.167216798
1.167216798
1.167216798
1.167216798
1.167216798
1.167216798
1.167216798
1.167216798
1.167216798
1.168133553
1.168133553
1.168133553
1.168133553
1.168133553
1.168133553
1.168133553
1.168133553
1.168133553
1.168133553
1.168133553
1.16905139
1.16905139
1.16905139
1.16905139
1.16905139
1.16905139
1.16905139
1.16905139
1.16905139
1.16905139
1.16905139
1.169971376
1.169971376
1.169971376
1.169971376
1.169971376
1.169971376
1.169971376
1.169971376
1.169971376
1.169971376
1.169971376
1.170892445
1.170892445
1.170892445
1.170892445
1.170892445
1.170892445
1.170892445
1.170892445
1.170892445
1.170892445
1.170892445
1.171815671
1.171815671
1.171815671
1.171815671
1.171815671
1.171815671
1.171815671
1.171815671
1.171815671
1.171815671
1.171815671
1.172741054
1.172741054
1.172741054
1.172741054
1.172741054
1.172741054
1.172741054
1.172741054
1.172741054
1.172741054
1.173668594
1.173668594
1.173668594
1.173668594
1.173668594
1.173668594
1.173668594
1.173668594
1.173668594
1.173668594
1.173668594
1.174597217
1.174597217
1.174597217
1.174597217
1.174597217
1.174597217
1.174597217
1.174597217
1.174597217
1.174597217
1.174597217
1.175527988
1.175527988
1.175527988
1.175527988
1.175527988
1.175527988
1.175527988
1.175527988
1.175527988
1.175527988
1.175527988
1.176460925
1.176460925
1.176460925
1.176460925
1.176460925
1.176460925
1.176460925
1.176460925
1.176460925
1.176460925
1.176460925
1.177394936
1.177394936
1.177394936
1.177394936
1.177394936
1.177394936
1.177394936
1.177394936
1.177394936
1.177394936
1.177394936
1.178331105
1.178331105
1.178331105
1.178331105
1.178331105
1.178331105
1.178331105
1.178331105
1.178331105
1.178331105
1.178331105
1.17926943
1.17926943
1.17926943
1.17926943
1.17926943
1.17926943
1.17926943
1.17926943
1.17926943
1.17926943
1.180209913
1.180209913
1.180209913
1.180209913
1.180209913
1.180209913
1.180209913
1.180209913
1.180209913
1.180209913
1.180209913
1.181150396
1.181150396
1.181150396
1.181150396
1.181150396
1.181150396
1.181150396
1.181150396
1.181150396
1.181150396
1.181150396
1.182095192
1.182095192
1.182095192
1.182095192
1.182095192
1.182095192
1.182095192
1.182095192
1.182095192
1.182095192
1.182095192
1.183039989
1.183039989
1.183039989
1.183039989
1.183039989
1.183039989
1.183039989
1.183039989
1.183039989
1.183039989
1.183039989
1.183986943
1.183986943
1.183986943
1.183986943
1.183986943
1.183986943
1.183986943
1.183986943
1.183986943
1.183986943
1.183986943
1.184936054
1.184936054
1.184936054
1.184936054
1.184936054
1.184936054
1.184936054
1.184936054
1.184936054
1.184936054
1.185887322
1.185887322
1.185887322
1.185887322
1.185887322
1.185887322
1.185887322
1.185887322
1.185887322
1.185887322
1.185887322
1.18683859
1.18683859
1.18683859
1.18683859
1.18683859
1.18683859
1.18683859
1.18683859
1.18683859
1.18683859
1.18683859
1.187794172
1.187794172
1.187794172
1.187794172
1.187794172
1.187794172
1.187794172
1.187794172
1.187794172
1.187794172
1.187794172
1.188749755
1.188749755
1.188749755
1.188749755
1.188749755
1.188749755
1.188749755
1.188749755
1.188749755
1.188749755
1.188749755
1.189707494
1.189707494
1.189707494
1.189707494
1.189707494
1.189707494
1.189707494
1.189707494
1.189707494
1.189707494
1.189707494
1.19066739
1.19066739
1.19066739
1.19066739
1.19066739
1.19066739
1.19066739
1.19066739
1.19066739
1.19066739
1.19066739
1.191629444
1.191629444
1.191629444
1.191629444
1.191629444
1.191629444
1.191629444
1.191629444
1.191629444
1.191629444
1.192593654
1.192593654
1.192593654
1.192593654
1.192593654
1.192593654
1.192593654
1.192593654
1.192593654
1.192593654
1.192593654
1.193557865
1.193557865
1.193557865
1.193557865
1.193557865
1.193557865
1.193557865
1.193557865
1.193557865
1.193557865
1.193557865
1.194525315
1.194525315
1.194525315
1.194525315
1.194525315
1.194525315
1.194525315
1.194525315
1.194525315
1.194525315
1.194525315
1.195494914
1.195494914
1.195494914
1.195494914
1.195494914
1.195494914
1.195494914
1.195494914
1.195494914
1.195494914
1.195494914
1.196465596
1.196465596
1.196465596
1.196465596
1.196465596
1.196465596
1.196465596
1.196465596
1.196465596
1.196465596
1.196465596
1.197437361
1.197437361
1.197437361
1.197437361
1.197437361
1.197437361
1.197437361
1.197437361
1.197437361
1.197437361
1.197437361
1.198412357
1.198412357
1.198412357
1.198412357
1.198412357
1.198412357
1.198412357
1.198412357
1.198412357
1.198412357
1.199388427
1.199388427
1.199388427
1.199388427
1.199388427
1.199388427
1.199388427
1.199388427
1.199388427
1.199388427
1.199388427
1.200366663
1.200366663
1.200366663
1.200366663
1.200366663
1.200366663
1.200366663
1.200366663
1.200366663
1.200366663
1.200366663
1.201345973
1.201345973
1.201345973
1.201345973
1.201345973
1.201345973
