1
1
1
1
1
1
1
1
1
1
1
1.000515858
1.000515858
1.000515858
1.000515858
1.000515858
1.000515858
1.000515858
1.000515858
1.000515858
1.000515858
1.000515858
1.00103278
1.00103278
1.00103278
1.00103278
1.00103278
1.00103278
1.00103278
1.00103278
1.00103278
1.00103278
1.00103278
1.001550756
1.001550756
1.001550756
1.001550756
1.001550756
1.001550756
1.001550756
1.001550756
1.001550756
1.001550756
1.001550756
1.002071915
1.002071915
1.002071915
1.002071915
1.002071915
1.002071915
1.002071915
1.002071915
1.002071915
1.002071915
1.002071915
1.002593074
1.002593074
1.002593074
1.002593074
1.002593074
1.002593074
1.002593074
1.002593074
1.002593074
1.002593074
1.002593074
1.003118469
1.003118469
1.003118469
1.003118469
1.003118469
1.003118469
1.003118469
1.003118469
1.003118469
1.003118469
1.003643865
1.003643865
1.003643865
1.003643865
1.003643865
1.003643865
1.003643865
1.003643865
1.003643865
1.003643865
1.003643865
1.004172435
1.004172435
1.004172435
1.004172435
1.004172435
1.004172435
1.004172435
1.004172435
1.004172435
1.004172435
1.004172435
1.004701004
1.004701004
1.004701004
1.004701004
1.004701004
1.004701004
1.004701004
1.004701004
1.004701004
1.004701004
1.004701004
1.005232756
1.005232756
1.005232756
1.005232756
1.005232756
1.005232756
1.005232756
1.005232756
1.005232756
1.005232756
1.005232756
1.005766626
1.005766626
1.005766626
1.005766626
1.005766626
1.005766626
1.005766626
1.005766626
1.005766626
1.005766626
1.005766626
1.006300496
1.006300496
1.006300496
1.006300496
1.006300496
1.006300496
1.006300496
1.006300496
1.006300496
1.006300496
1.006300496
1.00683754
1.00683754
1.00683754
1.00683754
1.00683754
1.00683754
1.00683754
1.00683754
1.00683754
1.00683754
1.007375647
1.007375647
1.007375647
1.007375647
1.007375647
1.007375647
1.007375647
1.007375647
1.007375647
1.007375647
1.007375647
1.007915873
1.007915873
1.007915873
1.007915873
1.007915873
1.007915873
1.007915873
1.007915873
1.007915873
1.007915873
1.007915873
1.008458217
1.008458217
1.008458217
1.008458217
1.008458217
1.008458217
1.008458217
1.008458217
1.008458217
1.008458217
1.008458217
1.009001616
1.009001616
1.009001616
1.009001616
1.009001616
1.009001616
1.009001616
1.009001616
1.009001616
1.009001616
1.009001616
1.009548198
1.009548198
1.009548198
1.009548198
1.009548198
1.009548198
1.009548198
1.009548198
1.009548198
1.009548198
1.009548198
1.010094779
1.010094779
1.010094779
1.010094779
1.010094779
1.010094779
1.010094779
1.010094779
1.010094779
1.010094779
1.010644534
1.010644534
1.010644534
1.010644534
1.010644534
1.010644534
1.010644534
1.010644534
1.010644534
1.010644534
1.010644534
1.011195353
1.011195353
1.011195353
1.011195353
1.011195353
1.011195353
1.011195353
1.011195353
1.011195353
1.011195353
1.011195353
1.01174829
1.01174829
1.01174829
1.01174829
1.01174829
1.01174829
1.01174829
1.01174829
1.01174829
1.01174829
1.01174829
1.012302282
1.012302282
1.012302282
1.012302282
1.012302282
1.012302282
1.012302282
1.012302282
1.012302282
1.012302282
1.012302282
1.012859457
1.012859457
1.012859457
1.012859457
1.012859457
1.012859457
1.012859457
1.012859457
1.012859457
1.012859457
1.012859457
1.013416631
1.013416631
1.013416631
1.013416631
1.013416631
1.013416631
1.013416631
1.013416631
1.013416631
1.013416631
1.013416631
1.013976979
1.013976979
1.013976979
1.013976979
1.013976979
1.013976979
1.013976979
1.013976979
1.013976979
1.013976979
1.01453839
1.01453839
1.01453839
1.01453839
1.01453839
1.01453839
1.01453839
1.01453839
1.01453839
1.01453839
1.01453839
1.01510192
1.01510192
1.01510192
1.01510192
1.01510192
1.01510192
1.01510192
1.01510192
1.01510192
1.01510192
1.01510192
1.015667569
1.015667569
1.015667569
1.015667569
1.015667569
1.015667569
1.015667569
1.015667569
1.015667569
1.015667569
1.015667569
1.016234273
1.016234273
1.016234273
1.016234273
1.016234273
1.016234273
1.016234273
1.016234273
1.016234273
1.016234273
1.016234273
1.016803095
1.016803095
1.016803095
1.016803095
1.016803095
1.016803095
1.016803095
1.016803095
1.016803095
1.016803095
1.016803095
1.017374044
1.017374044
1.017374044
1.017374044
1.017374044
1.017374044
1.017374044
1.017374044
1.017374044
1.017374044
1.017374044
1.017947103
1.017947103
1.017947103
1.017947103
1.017947103
1.017947103
1.017947103
1.017947103
1.017947103
1.017947103
1.018521226
1.018521226
1.018521226
1.018521226
1.018521226
1.018521226
1.018521226
1.018521226
1.018521226
1.018521226
1.018521226
1.019096404
1.019096404
1.019096404
1.019096404
1.019096404
1.019096404
1.019096404
1.019096404
1.019096404
1.019096404
1.019096404
1.019674764
1.019674764
1.019674764
1.019674764
1.019674764
1.019674764
1.019674764
1.019674764
1.019674764
1.019674764
1.019674764
1.020254179
1.020254179
1.020254179
1.020254179
1.020254179
1.020254179
1.020254179
1.020254179
1.020254179
1.020254179
1.020254179
1.020835721
1.020835721
1.020835721
1.020835721
1.020835721
1.020835721
1.020835721
1.020835721
1.020835721
1.020835721
1.020835721
1.021419373
1.021419373
1.021419373
1.021419373
1.021419373
1.021419373
1.021419373
1.021419373
1.021419373
1.021419373
1.022004089
1.022004089
1.022004089
1.022004089
1.022004089
1.022004089
1.022004089
1.022004089
1.022004089
1.022004089
1.022004089
1.02258986
1.02258986
1.02258986
1.02258986
1.02258986
1.02258986
1.02258986
1.02258986
1.02258986
1.02258986
1.02258986
1.023178812
1.023178812
1.023178812
1.023178812
1.023178812
1.023178812
1.023178812
1.023178812
1.023178812
1.023178812
1.023178812
1.023769884
1.023769884
1.023769884
1.023769884
1.023769884
1.023769884
1.023769884
1.023769884
1.023769884
1.023769884
1.023769884
1.02436201
1.02436201
1.02436201
1.02436201
1.02436201
1.02436201
1.02436201
1.02436201
1.02436201
1.02436201
1.02436201
1.0249552
1.0249552
1.0249552
1.0249552
1.0249552
1.0249552
1.0249552
1.0249552
1.0249552
1.0249552
1.0249552
1.025551564
1.025551564
1.025551564
1.025551564
1.025551564
1.025551564
1.025551564
1.025551564
1.025551564
1.025551564
1.026148991
1.026148991
1.026148991
1.026148991
1.026148991
1.026148991
1.026148991
1.026148991
1.026148991
1.026148991
1.026148991
1.026748536
1.026748536
1.026748536
1.026748536
1.026748536
1.026748536
1.026748536
1.026748536
1.026748536
1.026748536
1.026748536
1.027349137
1.027349137
1.027349137
1.027349137
1.027349137
1.027349137
1.027349137
1.027349137
1.027349137
1.027349137
1.027349137
1.027951865
1.027951865
1.027951865
1.027951865
1.027951865
1.027951865
1.027951865
1.027951865
1.027951865
1.027951865
1.027951865
1.028556703
1.028556703
1.028556703
1.028556703
1.028556703
1.028556703
1.028556703
1.028556703
1.028556703
1.028556703
1.028556703
1.029162604
1.029162604
1.029162604
1.029162604
1.029162604
1.029162604
1.029162604
1.029162604
1.029162604
1.029162604
1.029162604
1.029771679
1.029771679
1.029771679
1.029771679
1.029771679
1.029771679
1.029771679
1.029771679
1.029771679
1.029771679
1.030381817
1.030381817
1.030381817
1.030381817
1.030381817
1.030381817
1.030381817
1.030381817
1.030381817
1.030381817
1.030381817
1.030993011
1.030993011
1.030993011
1.030993011
1.030993011
1.030993011
1.030993011
1.030993011
1.030993011
1.030993011
1.030993011
1.031607386
1.031607386
1.031607386
1.031607386
1.031607386
1.031607386
1.031607386
1.031607386
1.031607386
1.031607386
1.031607386
1.032221762
1.032221762
1.032221762
1.032221762
1.032221762
1.032221762
1.032221762
1.032221762
1.032221762
1.032221762
1.032221762
1.032839311
1.032839311
1.032839311
1.032839311
1.032839311
1.032839311
1.032839311
1.032839311
1.032839311
1.032839311
1.032839311
1.033457924
1.033457924
1.033457924
1.033457924
1.033457924
1.033457924
1.033457924
1.033457924
1.033457924
1.033457924
1.034078655
1.034078655
1.034078655
1.034078655
1.034078655
1.034078655
1.034078655
1.034078655
1.034078655
1.034078655
1.034078655
1.034700442
1.034700442
1.034700442
1.034700442
1.034700442
1.034700442
1.034700442
1.034700442
1.034700442
1.034700442
1.034700442
1.03532541
1.03532541
1.03532541
1.03532541
1.03532541
1.03532541
1.03532541
1.03532541
1.03532541
1.03532541
1.03532541
1.035951433
1.035951433
1.035951433
1.035951433
1.035951433
1.035951433
1.035951433
1.035951433
1.035951433
1.035951433
1.035951433
1.036579584
1.036579584
1.036579584
1.036579584
1.036579584
1.036579584
1.036579584
1.036579584
1.036579584
1.036579584
1.036579584
1.037209845
1.037209845
1.037209845
1.037209845
1.037209845
1.037209845
1.037209845
1.037209845
1.037209845
1.037209845
1.037209845
1.037841169
1.037841169
1.037841169
1.037841169
1.037841169
1.037841169
1.037841169
1.037841169
1.037841169
1.037841169
1.038473548
1.038473548
1.038473548
1.038473548
1.038473548
1.038473548
1.038473548
1.038473548
1.038473548
1.038473548
1.038473548
1.039109109
1.039109109
1.039109109
1.039109109
1.039109109
1.039109109
1.039109109
1.039109109
1.039109109
1.039109109
1.039109109
1.039745725
1.039745725
1.039745725
1.039745725
1.039745725
1.039745725
1.039745725
1.039745725
1.039745725
1.039745725
1.039745725
1.040385524
1.040385524
1.040385524
1.040385524
1.040385524
1.040385524
1.040385524
1.040385524
1.040385524
1.040385524
1.040385524
1.041025322
1.041025322
1.041025322
1.041025322
1.041025322
1.041025322
1.041025322
1.041025322
1.041025322
1.041025322
1.041025322
1.041667239
1.041667239
1.041667239
1.041667239
1.041667239
1.041667239
1.041667239
1.041667239
1.041667239
1.041667239
1.041667239
1.042310211
1.042310211
1.042310211
1.042310211
1.042310211
1.042310211
1.042310211
1.042310211
1.042310211
1.042310211
1.042956365
1.042956365
1.042956365
1.042956365
1.042956365
1.042956365
1.042956365
1.042956365
1.042956365
1.042956365
1.042956365
1.043603574
1.043603574
1.043603574
1.043603574
1.043603574
1.043603574
1.043603574
1.043603574
1.043603574
1.043603574
1.043603574
1.044253965
1.044253965
1.044253965
1.044253965
1.044253965
1.044253965
1.044253965
1.044253965
1.044253965
1.044253965
1.044253965
1.044905412
1.044905412
1.044905412
1.044905412
1.044905412
1.044905412
1.044905412
1.044905412
1.044905412
1.044905412
1.044905412
1.045557921
1.045557921
1.045557921
1.045557921
1.045557921
1.045557921
1.045557921
1.045557921
1.045557921
1.045557921
1.045557921
1.04621255
1.04621255
1.04621255
1.04621255
1.04621255
1.04621255
1.04621255
1.04621255
1.04621255
1.04621255
1.046869297
1.046869297
1.046869297
1.046869297
1.046869297
1.046869297
1.046869297
1.046869297
1.046869297
1.046869297
1.046869297
1.047527099
1.047527099
1.047527099
1.047527099
1.047527099
1.047527099
1.047527099
1.047527099
1.047527099
1.047527099
1.047527099
1.048188083
1.048188083
1.048188083
1.048188083
1.048188083
1.048188083
1.048188083
1.048188083
1.048188083
1.048188083
1.048188083
1.048850122
1.048850122
1.048850122
1.048850122
1.048850122
1.048850122
1.048850122
1.048850122
1.048850122
1.048850122
1.048850122
1.049513224
1.049513224
1.049513224
1.049513224
1.049513224
1.049513224
1.049513224
1.049513224
1.049513224
1.049513224
1.049513224
1.050178446
1.050178446
1.050178446
1.050178446
1.050178446
1.050178446
1.050178446
1.050178446
1.050178446
1.050178446
1.050178446
1.050845785
1.050845785
1.050845785
1.050845785
1.050845785
1.050845785
1.050845785
1.050845785
1.050845785
1.050845785
1.05151418
1.05151418
1.05151418
1.05151418
1.05151418
1.05151418
1.05151418
1.05151418
1.05151418
1.05151418
1.05151418
1.052185757
1.052185757
1.052185757
1.052185757
1.052185757
1.052185757
1.052185757
1.052185757
1.052185757
1.052185757
1.052185757
1.052858389
1.052858389
1.052858389
1.052858389
1.052858389
1.052858389
1.052858389
1.052858389
1.052858389
1.052858389
1.052858389
1.053532084
1.053532084
1.053532084
1.053532084
1.053532084
1.053532084
1.053532084
1.053532084
1.053532084
1.053532084
1.053532084
1.054208953
1.054208953
1.054208953
1.054208953
1.054208953
1.054208953
1.054208953
1.054208953
1.054208953
1.054208953
1.054208953
1.054886886
1.054886886
1.054886886
1.054886886
1.054886886
1.054886886
1.054886886
1.054886886
1.054886886
1.054886886
1.054886886
1.055565873
1.055565873
1.055565873
1.055565873
1.055565873
1.055565873
1.055565873
1.055565873
1.055565873
1.055565873
1.056248043
1.056248043
1.056248043
1.056248043
1.056248043
1.056248043
1.056248043
1.056248043
1.056248043
1.056248043
1.056248043
1.056931268
1.056931268
1.056931268
1.056931268
1.056931268
1.056931268
1.056931268
1.056931268
1.056931268
1.056931268
1.056931268
1.05761662
1.05761662
1.05761662
1.05761662
1.05761662
1.05761662
1.05761662
1.05761662
1.05761662
1.05761662
1.05761662
1.058304082
1.058304082
1.058304082
1.058304082
1.058304082
1.058304082
1.058304082
1.058304082
1.058304082
1.058304082
1.058304082
1.058992607
1.058992607
1.058992607
1.058992607
1.058992607
1.058992607
1.058992607
1.058992607
1.058992607
1.058992607
1.058992607
1.059682187
1.059682187
1.059682187
1.059682187
1.059682187
1.059682187
1.059682187
1.059682187
1.059682187
1.059682187
1.06037495
1.06037495
1.06037495
1.06037495
1.06037495
1.06037495
1.06037495
1.06037495
1.06037495
1.06037495
1.06037495
1.061068767
1.061068767
1.061068767
1.061068767
1.061068767
1.061068767
1.061068767
1.061068767
1.061068767
1.061068767
1.061068767
1.061765767
1.061765767
1.061765767
1.061765767
1.061765767
1.061765767
1.061765767
1.061765767
1.061765767
1.061765767
1.061765767
1.062462767
1.062462767
1.062462767
1.062462767
1.062462767
1.062462767
1.062462767
1.062462767
1.062462767
1.062462767
1.062462767
1.063161885
1.063161885
1.063161885
1.063161885
1.063161885
1.063161885
1.063161885
1.063161885
1.063161885
1.063161885
1.063161885
1.063863113
1.063863113
1.063863113
1.063863113
1.063863113
1.063863113
1.063863113
1.063863113
1.063863113
1.063863113
1.063863113
1.064566469
1.064566469
1.064566469
1.064566469
1.064566469
1.064566469
1.064566469
1.064566469
1.064566469
1.064566469
1.065271943
1.065271943
1.065271943
1.065271943
1.065271943
1.065271943
1.065271943
1.065271943
1.065271943
1.065271943
1.065271943
1.065977416
1.065977416
1.065977416
1.065977416
1.065977416
1.065977416
1.065977416
1.065977416
1.065977416
1.065977416
1.065977416
1.066686064
1.066686064
1.066686064
1.066686064
1.066686064
1.066686064
1.066686064
1.066686064
1.066686064
1.066686064
1.066686064
1.067395775
1.067395775
1.067395775
1.067395775
1.067395775
1.067395775
1.067395775
1.067395775
1.067395775
1.067395775
1.067395775
1.06810866
1.06810866
1.06810866
1.06810866
1.06810866
1.06810866
1.06810866
1.06810866
1.06810866
1.06810866
1.06810866
1.068822608
1.068822608
1.068822608
1.068822608
1.068822608
1.068822608
1.068822608
1.068822608
1.068822608
1.068822608
1.068822608
1.069537611
1.069537611
1.069537611
1.069537611
1.069537611
1.069537611
1.069537611
1.069537611
1.069537611
1.069537611
1.070254741
1.070254741
1.070254741
1.070254741
1.070254741
1.070254741
1.070254741
1.070254741
1.070254741
1.070254741
1.070254741
1.070973982
1.070973982
1.070973982
1.070973982
1.070973982
1.070973982
1.070973982
1.070973982
1.070973982
1.070973982
1.070973982
1.071695341
1.071695341
1.071695341
1.071695341
1.071695341
1.071695341
1.071695341
1.071695341
1.071695341
1.071695341
1.071695341
1.072417763
1.072417763
1.072417763
1.072417763
1.072417763
1.072417763
1.072417763
1.072417763
1.072417763
1.072417763
1.072417763
1.073142304
1.073142304
1.073142304
1.073142304
1.073142304
1.073142304
1.073142304
1.073142304
1.073142304
1.073142304
1.073142304
1.0738679
1.0738679
1.0738679
1.0738679
1.0738679
1.0738679
1.0738679
1.0738679
1.0738679
1.0738679
1.074596678
1.074596678
1.074596678
1.074596678
1.074596678
1.074596678
1.074596678
1.074596678
1.074596678
1.074596678
1.074596678
1.075326511
1.075326511
1.075326511
1.075326511
1.075326511
1.075326511
1.075326511
1.075326511
1.075326511
1.075326511
1.075326511
1.076057408
1.076057408
1.076057408
1.076057408
1.076057408
1.076057408
1.076057408
1.076057408
1.076057408
1.076057408
1.076057408
1.076791478
1.076791478
1.076791478
1.076791478
1.076791478
1.076791478
1.076791478
1.076791478
1.076791478
1.076791478
1.076791478
1.077526612
1.077526612
1.077526612
1.077526612
1.077526612
1.077526612
1.077526612
1.077526612
1.077526612
1.077526612
1.077526612
1.078263865
1.078263865
1.078263865
1.078263865
1.078263865
1.078263865
1.078263865
1.078263865
1.078263865
1.078263865
1.078263865
1.079002172
1.079002172
1.079002172
1.079002172
1.079002172
1.079002172
1.079002172
1.079002172
1.079002172
1.079002172
1.079742598
1.079742598
1.079742598
1.079742598
1.079742598
1.079742598
1.079742598
1.079742598
1.079742598
1.079742598
1.079742598
1.080485151
1.080485151
1.080485151
1.080485151
1.080485151
1.080485151
1.080485151
1.080485151
1.080485151
1.080485151
1.080485151
1.081229814
1.081229814
1.081229814
1.081229814
1.081229814
1.081229814
1.081229814
1.081229814
1.081229814
1.081229814
1.081229814
1.081975541
1.081975541
1.081975541
1.081975541
1.081975541
1.081975541
1.081975541
1.081975541
1.081975541
1.081975541
1.081975541
1.082722323
1.082722323
1.082722323
1.082722323
1.082722323
1.082722323
1.082722323
1.082722323
1.082722323
1.082722323
1.082722323
1.083472287
1.083472287
1.083472287
1.083472287
1.083472287
1.083472287
1.083472287
1.083472287
1.083472287
1.083472287
1.083472287
1.084223305
1.084223305
1.084223305
1.084223305
1.084223305
1.084223305
1.084223305
1.084223305
1.084223305
1.084223305
1.084977506
1.084977506
1.084977506
1.084977506
1.084977506
1.084977506
1.084977506
1.084977506
1.084977506
1.084977506
1.084977506
1.085731707
1.085731707
1.085731707
1.085731707
1.085731707
1.085731707
1.085731707
1.085731707
1.085731707
1.085731707
1.085731707
1.086488027
1.086488027
1.086488027
1.086488027
1.086488027
1.086488027
1.086488027
1.086488027
1.086488027
1.086488027
1.086488027
1.087246456
1.087246456
1.087246456
1.087246456
1.087246456
1.087246456
1.087246456
1.087246456
1.087246456
1.087246456
1.087246456
1.088007013
1.088007013
1.088007013
1.088007013
1.088007013
1.088007013
1.088007013
1.088007013
1.088007013
1.088007013
1.088007013
1.088769688
1.088769688
1.088769688
1.088769688
1.088769688
1.088769688
1.088769688
1.088769688
1.088769688
1.088769688
1.089532363
1.089532363
1.089532363
1.089532363
1.089532363
1.089532363
1.089532363
1.089532363
1.089532363
1.089532363
1.089532363
1.090298212
1.090298212
1.090298212
1.090298212
1.090298212
1.090298212
1.090298212
1.090298212
1.090298212
1.090298212
1.090298212
1.091065124
1.091065124
1.091065124
1.091065124
1.091065124
1.091065124
1.091065124
1.091065124
1.091065124
1.091065124
1.091065124
1.09183521
1.09183521
1.09183521
1.09183521
1.09183521
1.09183521
1.09183521
1.09183521
1.09183521
1.09183521
1.09183521
1.09260636
1.09260636
1.09260636
1.09260636
1.09260636
1.09260636
1.09260636
1.09260636
1.09260636
1.09260636
1.09260636
1.093378564
1.093378564
1.093378564
1.093378564
1.093378564
1.093378564
1.093378564
1.093378564
1.093378564
1.093378564
1.093378564
1.094153951
1.094153951
1.094153951
1.094153951
1.094153951
1.094153951
1.094153951
1.094153951
1.094153951
1.094153951
1.094929337
1.094929337
1.094929337
1.094929337
1.094929337
1.094929337
1.094929337
1.094929337
1.094929337
1.094929337
1.094929337
1.095707898
1.095707898
1.095707898
1.095707898
1.095707898
1.095707898
1.095707898
1.095707898
1.095707898
1.095707898
1.095707898
1.096487521
1.096487521
1.096487521
1.096487521
1.096487521
1.096487521
1.096487521
1.096487521
1.096487521
1.096487521
1.096487521
1.097269264
1.097269264
1.097269264
1.097269264
1.097269264
1.097269264
1.097269264
1.097269264
1.097269264
1.097269264
1.097269264
1.098052061
1.098052061
1.098052061
1.098052061
1.098052061
1.098052061
1.098052061
1.098052061
1.098052061
1.098052061
1.098052061
1.09883804
1.09883804
1.09883804
1.09883804
1.09883804
1.09883804
1.09883804
1.09883804
1.09883804
1.09883804
1.09883804
1.099625075
1.099625075
1.099625075
1.099625075
1.099625075
1.099625075
1.099625075
1.099625075
1.099625075
1.099625075
1.100414228
1.100414228
1.100414228
1.100414228
1.100414228
1.100414228
1.100414228
1.100414228
1.100414228
1.100414228
1.100414228
1.101204444
1.101204444
1.101204444
1.101204444
1.101204444
1.101204444
1.101204444
1.101204444
1.101204444
1.101204444
1.101204444
1.10199678
1.10199678
1.10199678
1.10199678
1.10199678
1.10199678
1.10199678
1.10199678
1.10199678
1.10199678
1.10199678
1.102791233
1.102791233
1.102791233
1.102791233
1.102791233
1.102791233
1.102791233
1.102791233
1.102791233
1.102791233
1.102791233
1.103586742
1.103586742
1.103586742
1.103586742
1.103586742
1.103586742
1.103586742
1.103586742
1.103586742
1.103586742
1.103586742
1.104385433
1.104385433
1.104385433
1.104385433
1.104385433
1.104385433
1.104385433
1.104385433
1.104385433
1.104385433
1.105185179
1.105185179
1.105185179
1.105185179
1.105185179
1.105185179
1.105185179
1.105185179
1.105185179
1.105185179
1.105185179
1.105985988
1.105985988
1.105985988
1.105985988
1.105985988
1.105985988
1.105985988
1.105985988
1.105985988
1.105985988
1.105985988
1.106789971
1.106789971
1.106789971
1.106789971
1.106789971
1.106789971
1.106789971
1.106789971
1.106789971
1.106789971
1.106789971
1.107593954
1.107593954
1.107593954
1.107593954
1.107593954
1.107593954
1.107593954
1.107593954
1.107593954
1.107593954
1.107593954
1.108401119
1.108401119
1.108401119
1.108401119
1.108401119
1.108401119
1.108401119
1.108401119
1.108401119
1.108401119
1.108401119
1.109209339
1.109209339
1.109209339
1.109209339
1.109209339
1.109209339
1.109209339
1.109209339
1.109209339
1.109209339
1.109209339
1.110019686
1.110019686
1.110019686
1.110019686
1.110019686
1.110019686
1.110019686
1.110019686
1.110019686
1.110019686
1.110832144
1.110832144
1.110832144
1.110832144
1.110832144
1.110832144
1.110832144
1.110832144
1.110832144
1.110832144
1.110832144
1.111645664
1.111645664
1.111645664
1.111645664
1.111645664
1.111645664
1.111645664
1.111645664
1.111645664
1.111645664
1.111645664
1.112462359
1.112462359
1.112462359
1.112462359
1.112462359
1.112462359
1.112462359
1.112462359
1.112462359
1.112462359
1.112462359
1.113279053
1.113279053
1.113279053
1.113279053
1.113279053
1.113279053
1.113279053
1.113279053
1.113279053
1.113279053
1.113279053
1.114098929
1.114098929
1.114098929
1.114098929
1.114098929
1.114098929
1.114098929
1.114098929
1.114098929
1.114098929
1.114098929
1.114918806
1.114918806
1.114918806
1.114918806
1.114918806
1.114918806
1.114918806
1.114918806
1.114918806
1.114918806
1.114918806
1.115741856
1.115741856
1.115741856
1.115741856
1.115741856
1.115741856
1.115741856
1.115741856
1.115741856
1.115741856
1.116567025
1.116567025
1.116567025
1.116567025
1.116567025
1.116567025
1.116567025
1.116567025
1.116567025
1.116567025
1.116567025
1.117393257
1.117393257
1.117393257
1.117393257
1.117393257
1.117393257
1.117393257
1.117393257
1.117393257
1.117393257
1.117393257
1.118221608
1.118221608
1.118221608
1.118221608
1.118221608
1.118221608
1.118221608
1.118221608
1.118221608
1.118221608
1.118221608
1.119051013
1.119051013
1.119051013
1.119051013
1.119051013
1.119051013
1.119051013
1.119051013
1.119051013
1.119051013
1.119051013
1.119883601
1.119883601
1.119883601
1.119883601
1.119883601
1.119883601
1.119883601
1.119883601
1.119883601
1.119883601
1.119883601
1.120717244
1.120717244
1.120717244
1.120717244
1.120717244
1.120717244
1.120717244
1.120717244
1.120717244
1.120717244
1.121551951
1.121551951
1.121551951
1.121551951
1.121551951
1.121551951
1.121551951
1.121551951
1.121551951
1.121551951
1.121551951
1.122388775
1.122388775
1.122388775
1.122388775
1.122388775
1.122388775
1.122388775
1.122388775
1.122388775
1.122388775
1.122388775
1.123228774
1.123228774
1.123228774
1.123228774
1.123228774
1.123228774
1.123228774
1.123228774
1.123228774
1.123228774
1.123228774
1.124068773
1.124068773
1.124068773
1.124068773
1.124068773
1.124068773
1.124068773
1.124068773
1.124068773
1.124068773
1.124068773
1.124911953
1.124911953
1.124911953
1.124911953
1.124911953
1.124911953
1.124911953
1.124911953
1.124911953
1.124911953
1.124911953
1.125755134
1.125755134
1.125755134
1.125755134
1.125755134
1.125755134
1.125755134
1.125755134
1.125755134
1.125755134
1.125755134
1.126601488
1.126601488
1.126601488
1.126601488
1.126601488
1.126601488
1.126601488
1.126601488
1.126601488
1.126601488
1.127449961
1.127449961
1.127449961
1.127449961
1.127449961
1.127449961
1.127449961
1.127449961
1.127449961
1.127449961
1.127449961
1.128299498
1.128299498
1.128299498
1.128299498
1.128299498
1.128299498
1.128299498
1.128299498
1.128299498
1.128299498
1.128299498
1.129151153
1.129151153
1.129151153
1.129151153
1.129151153
1.129151153
1.129151153
1.129151153
1.129151153
1.129151153
1.129151153
1.130003863
1.130003863
1.130003863
1.130003863
1.130003863
1.130003863
1.130003863
1.130003863
1.130003863
1.130003863
1.130003863
1.130859755
1.130859755
1.130859755
1.130859755
1.130859755
1.130859755
1.130859755
1.130859755
1.130859755
1.130859755
1.130859755
1.131715647
1.131715647
1.131715647
1.131715647
1.131715647
1.131715647
1.131715647
1.131715647
1.131715647
1.131715647
1.131715647
1.132574712
1.132574712
1.132574712
1.132574712
1.132574712
1.132574712
1.132574712
1.132574712
1.132574712
1.132574712
1.133434842
1.133434842
1.133434842
1.133434842
1.133434842
1.133434842
1.133434842
1.133434842
1.133434842
1.133434842
1.133434842
1.134298144
1.134298144
1.134298144
1.134298144
1.134298144
1.134298144
1.134298144
1.134298144
1.134298144
1.134298144
1.134298144
1.135161447
1.135161447
1.135161447
1.135161447
1.135161447
1.135161447
1.135161447
1.135161447
1.135161447
1.135161447
1.135161447
1.136026877
1.136026877
1.136026877
1.136026877
1.136026877
1.136026877
1.136026877
1.136026877
1.136026877
1.136026877
1.136026877
1.136894417
1.136894417
1.136894417
1.136894417
1.136894417
1.136894417
1.136894417
1.136894417
1.136894417
1.136894417
1.136894417
1.137764076
1.137764076
1.137764076
1.137764076
1.137764076
1.137764076
1.137764076
1.137764076
1.137764076
1.137764076
1.138634798
1.138634798
1.138634798
1.138634798
1.138634798
1.138634798
1.138634798
1.138634798
1.138634798
1.138634798
1.138634798
1.139507638
1.139507638
1.139507638
1.139507638
1.139507638
1.139507638
1.139507638
1.139507638
1.139507638
1.139507638
1.139507638
1.140382589
1.140382589
1.140382589
1.140382589
1.140382589
1.140382589
1.140382589
1.140382589
1.140382589
1.140382589
1.140382589
1.141259667
1.141259667
1.141259667
1.141259667
1.141259667
1.141259667
1.141259667
1.141259667
1.141259667
1.141259667
1.141259667
1.142136744
1.142136744
1.142136744
1.142136744
1.142136744
1.142136744
1.142136744
1.142136744
1.142136744
1.142136744
1.142136744
1.143016996
1.143016996
1.143016996
1.143016996
1.143016996
1.143016996
1.143016996
1.143016996
1.143016996
1.143016996
1.143016996
1.143899366
1.143899366
1.143899366
1.143899366
1.143899366
1.143899366
1.143899366
1.143899366
1.143899366
1.143899366
1.144782799
1.144782799
1.144782799
1.144782799
1.144782799
1.144782799
1.144782799
1.144782799
1.144782799
1.144782799
1.144782799
1.145668351
1.145668351
1.145668351
1.145668351
1.145668351
1.145668351
1.145668351
1.145668351
1.145668351
1.145668351
1.145668351
1.146556022
1.146556022
1.146556022
1.146556022
1.146556022
1.146556022
1.146556022
1.146556022
1.146556022
1.146556022
1.146556022
1.147444747
1.147444747
1.147444747
1.147444747
1.147444747
1.147444747
1.147444747
1.147444747
1.147444747
1.147444747
1.147444747
1.148335591
1.148335591
1.148335591
1.148335591
1.148335591
1.148335591
1.148335591
1.148335591
1.148335591
1.148335591
1.148335591
1.149227499
1.149227499
1.149227499
1.149227499
1.149227499
1.149227499
1.149227499
1.149227499
1.149227499
1.149227499
1.149227499
1.15012258
1.15012258
1.15012258
1.15012258
1.15012258
1.15012258
1.15012258
1.15012258
1.15012258
1.15012258
1.151018725
1.151018725
1.151018725
1.151018725
1.151018725
1.151018725
1.151018725
1.151018725
1.151018725
1.151018725
1.151018725
1.151916989
1.151916989
1.151916989
1.151916989
1.151916989
1.151916989
1.151916989
1.151916989
1.151916989
1.151916989
1.151916989
1.152816307
1.152816307
1.152816307
1.152816307
1.152816307
1.152816307
1.152816307
1.152816307
1.152816307
1.152816307
1.152816307
1.153717744
1.153717744
1.153717744
1.153717744
1.153717744
1.153717744
1.153717744
1.153717744
1.153717744
1.153717744
1.153717744
1.154620245
1.154620245
1.154620245
1.154620245
1.154620245
1.154620245
1.154620245
1.154620245
1.154620245
1.154620245
1.154620245
1.155525919
1.155525919
1.155525919
1.155525919
1.155525919
1.155525919
1.155525919
1.155525919
1.155525919
1.155525919
1.156432656
1.156432656
1.156432656
1.156432656
1.156432656
1.156432656
1.156432656
1.156432656
1.156432656
1.156432656
1.156432656
1.157341513
1.157341513
1.157341513
1.157341513
1.157341513
1.157341513
1.157341513
1.157341513
1.157341513
1.157341513
1.157341513
1.158252488
1.158252488
1.158252488
1.158252488
1.158252488
1.158252488
1.158252488
1.158252488
1.158252488
1.158252488
1.158252488
1.159164517
1.159164517
1.159164517
1.159164517
1.159164517
1.159164517
1.159164517
1.159164517
1.159164517
1.159164517
1.159164517
1.160078666
1.160078666
1.160078666
1.160078666
1.160078666
1.160078666
1.160078666
1.160078666
1.160078666
1.160078666
1.160078666
1.160993878
1.160993878
1.160993878
1.160993878
1.160993878
1.160993878
1.160993878
1.160993878
1.160993878
1.160993878
1.160993878
1.161912263
1.161912263
1.161912263
1.161912263
1.161912263
1.161912263
1.161912263
1.161912263
1.161912263
1.161912263
1.162831712
1.162831712
1.162831712
1.162831712
1.162831712
1.162831712
1.162831712
1.162831712
1.162831712
1.162831712
1.162831712
1.163752216
1.163752216
1.163752216
1.163752216
1.163752216
1.163752216
1.163752216
1.163752216
1.163752216
1.163752216
1.163752216
1.164675903
1.164675903
1.164675903
1.164675903
1.164675903
1.164675903
1.164675903
1.164675903
1.164675903
1.164675903
1.164675903
1.165600644
1.165600644
1.165600644
1.165600644
1.165600644
1.165600644
1.165600644
1.165600644
1.165600644
1.165600644
1.165600644
1.166526449
1.166526449
1.166526449
1.166526449
1.166526449
1.166526449
1.166526449
1.166526449
1.166526449
1.166526449
1.166526449
1.167455427
1.167455427
1.167455427
1.167455427
1.167455427
1.167455427
1.167455427
1.167455427
1.167455427
1.167455427
1.167455427
1.168385469
1.168385469
1.168385469
1.168385469
1.168385469
1.168385469
1.168385469
1.168385469
1.168385469
1.168385469
1.169317629
1.169317629
1.169317629
1.169317629
1.169317629
1.169317629
1.169317629
1.169317629
1.169317629
1.169317629
1.169317629
1.170250845
1.170250845
1.170250845
1.170250845
1.170250845
1.170250845
1.170250845
1.170250845
1.170250845
1.170250845
1.170250845
1.171186179
1.171186179
1.171186179
1.171186179
1.171186179
1.171186179
1.171186179
1.171186179
1.171186179
1.171186179
1.171186179
1.172124695
1.172124695
1.172124695
1.172124695
1.172124695
1.172124695
1.172124695
1.172124695
1.172124695
1.172124695
1.172124695
1.173063211
1.173063211
1.173063211
1.173063211
1.173063211
1.173063211
1.173063211
1.173063211
1.173063211
1.173063211
1.173063211
1.174003837
1.174003837
1.174003837
1.174003837
1.174003837
1.174003837
1.174003837
1.174003837
1.174003837
1.174003837
1.174946591
1.174946591
1.174946591
1.174946591
1.174946591
1.174946591
1.174946591
1.174946591
1.174946591
1.174946591
1.174946591
1.175891462
1.175891462
1.175891462
1.175891462
1.175891462
1.175891462
1.175891462
1.175891462
1.175891462
1.175891462
1.175891462
1.176837389
1.176837389
1.176837389
1.176837389
1.176837389
1.176837389
1.176837389
1.176837389
1.176837389
1.176837389
1.176837389
1.177785435
1.177785435
1.177785435
1.177785435
1.177785435
1.177785435
1.177785435
1.177785435
1.177785435
1.177785435
1.177785435
1.178734544
1.178734544
1.178734544
1.178734544
1.178734544
1.178734544
1.178734544
1.178734544
1.178734544
1.178734544
1.178734544
1.179686826
1.179686826
1.179686826
1.179686826
1.179686826
1.179686826
1.179686826
1.179686826
1.179686826
1.179686826
1.179686826
1.180640172
1.180640172
1.180640172
1.180640172
1.180640172
1.180640172
1.180640172
1.180640172
1.180640172
1.180640172
1.181595637
1.181595637
1.181595637
1.181595637
1.181595637
1.181595637
1.181595637
1.181595637
1.181595637
1.181595637
1.181595637
1.182552157
1.182552157
1.182552157
1.182552157
1.182552157
1.182552157
1.182552157
1.182552157
1.182552157
1.182552157
1.182552157
1.183511859
1.183511859
1.183511859
1.183511859
1.183511859
1.183511859
1.183511859
1.183511859
1.183511859
1.183511859
1.183511859
1.184472615
1.184472615
1.184472615
1.184472615
1.184472615
1.184472615
1.184472615
1.184472615
1.184472615
1.184472615
1.184472615
1.185434436
1.185434436
1.185434436
1.185434436
1.185434436
1.185434436
1.185434436
1.185434436
1.185434436
1.185434436
1.185434436
1.186398375
1.186398375
1.186398375
1.186398375
1.186398375
1.186398375
1.186398375
1.186398375
1.186398375
1.186398375
1.186398375
1.187364424
1.187364424
1.187364424
1.187364424
1.187364424
1.187364424
1.187364424
1.187364424
1.187364424
1.187364424
1.1883326
1.1883326
1.1883326
1.1883326
1.1883326
1.1883326
1.1883326
1.1883326
1.1883326
1.1883326
1.1883326
1.189301831
1.189301831
1.189301831
1.189301831
1.189301831
1.189301831
1.189301831
1.189301831
1.189301831
1.189301831
1.189301831
1.190272126
1.190272126
1.190272126
1.190272126
1.190272126
1.190272126
1.190272126
1.190272126
1.190272126
1.190272126
1.190272126
1.191245594
1.191245594
1.191245594
1.191245594
1.191245594
1.191245594
1.191245594
1.191245594
1.191245594
1.191245594
1.191245594
1.192220126
1.192220126
1.192220126
1.192220126
1.192220126
1.192220126
1.192220126
1.192220126
1.192220126
1.192220126
1.192220126
1.193197831
1.193197831
1.193197831
1.193197831
1.193197831
1.193197831
1.193197831
1.193197831
1.193197831
1.193197831
1.1941766
1.1941766
1.1941766
1.1941766
1.1941766
1.1941766
1.1941766
1.1941766
1.1941766
1.1941766
1.1941766
1.195156424
1.195156424
1.195156424
1.195156424
1.195156424
1.195156424
1.195156424
1.195156424
1.195156424
1.195156424
1.195156424
1.196137311
1.196137311
1.196137311
1.196137311
1.196137311
1.196137311
1.196137311
1.196137311
1.196137311
1.196137311
1.196137311
1.197121372
1.197121372
1.197121372
1.197121372
1.197121372
1.197121372
1.197121372
1.197121372
1.197121372
1.197121372
1.197121372
1.198107552
1.198107552
1.198107552
1.198107552
1.198107552
1.198107552
1.198107552
1.198107552
1.198107552
1.198107552
1.198107552
1.199094795
1.199094795
1.199094795
1.199094795
1.199094795
1.199094795
1.199094795
1.199094795
1.199094795
1.199094795
1.199094795
1.200084157
1.200084157
1.200084157
1.200084157
1.200084157
1.200084157
1.200084157
1.200084157
1.200084157
1.200084157
1.201074574
1.201074574
1.201074574
1.201074574
1.201074574
1.201074574
1.201074574
1.201074574
1.201074574
1.201074574
1.201074574
1.202068172
1.202068172
1.202068172
1.202068172
1.202068172
1.202068172
1.202068172
1.202068172
1.202068172
1.202068172
1.202068172
1.203062826
1.203062826
1.203062826
1.203062826
1.203062826
1.203062826
1.203062826
1.203062826
1.203062826
1.203062826
1.203062826
1.204058544
1.204058544
1.204058544
1.204058544
1.204058544
1.204058544
1.204058544
1.204058544
1.204058544
1.204058544
1.204058544
1.205057435
1.205057435
1.205057435
1.205057435
1.205057435
1.205057435
1.205057435
1.205057435
1.205057435
1.205057435
1.205057435
1.206056326
1.206056326
1.206056326
1.206056326
1.206056326
1.206056326
1.206056326
1.206056326
1.206056326
1.206056326
1.206056326
1.207058399
1.207058399
1.207058399
1.207058399
1.207058399
1.207058399
1.207058399
1.207058399
1.207058399
1.207058399
1.208061527
1.208061527
1.208061527
1.208061527
1.208061527
1.208061527
1.208061527
1.208061527
1.208061527
1.208061527
1.208061527
1.209067837
1.209067837
1.209067837
1.209067837
1.209067837
1.209067837
1.209067837
1.209067837
1.209067837
1.209067837
1.209067837
1.210074148
1.210074148
1.210074148
1.210074148
1.210074148
1.210074148
