1
1
1
1
1
1
1
1
1
1
1
1
1
1
1
1
1
1
1
1
1
1
1
1
1
1
0.9998125326
0.9998125326
0.9998125326
0.9998125326
0.9998125326
0.9998125326
0.9998125326
0.9998125326
0.9998125326
0.9998125326
0.9998125326
0.9998125326
0.9998125326
0.9998125326
0.9998125326
0.9998125326
0.9998125326
0.9998125326
0.9998125326
0.9998125326
0.9998125326
0.9998125326
0.9998125326
0.9998125326
0.9998125326
0.9999936326
0.9999936326
0.9999936326
0.9999936326
0.9999936326
0.9999936326
0.9999936326
0.9999936326
0.9999936326
0.9999936326
0.9999936326
0.9999936326
0.9999936326
0.9999936326
0.9999936326
0.9999936326
0.9999936326
0.9999936326
0.9999936326
0.9999936326
0.9999936326
0.9999936326
0.9999936326
0.9999936326
0.9999936326
0.9999936326
1.000174733
1.000174733
1.000174733
1.000174733
1.000174733
1.000174733
1.000174733
1.000174733
1.000174733
1.000174733
1.000174733
1.000174733
1.000174733
1.000174733
1.000174733
1.000174733
1.000174733
1.000174733
1.000174733
1.000174733
1.000174733
1.000174733
1.000174733
1.000174733
1.000174733
1.000355833
1.000355833
1.000355833
1.000355833
1.000355833
1.000355833
1.000355833
1.000355833
1.000355833
1.000355833
1.000355833
1.000355833
1.000355833
1.000355833
1.000355833
1.000355833
1.000355833
1.000355833
1.000355833
1.000355833
1.000355833
1.000355833
1.000355833
1.000355833
1.000355833
1.001372391
1.001372391
1.001372391
1.001372391
1.001372391
1.001372391
1.001372391
1.001372391
1.001372391
1.001372391
1.001372391
1.001372391
1.001372391
1.001372391
1.001372391
1.001372391
1.001372391
1.001372391
1.001372391
1.001372391
1.001372391
1.001372391
1.001372391
1.001372391
1.001372391
1.001372391
1.001553491
1.001553491
1.001553491
1.001553491
1.001553491
1.001553491
1.001553491
1.001553491
1.001553491
1.001553491
1.001553491
1.001553491
1.001553491
1.001553491
1.001553491
1.001553491
1.001553491
1.001553491
1.001553491
1.001553491
1.001553491
1.001553491
1.001553491
1.001553491
1.001553491
1.001734591
1.001734591
1.001734591
1.001734591
1.001734591
1.001734591
1.001734591
1.001734591
1.001734591
1.001734591
1.001734591
1.001734591
1.001734591
1.001734591
1.001734591
1.001734591
1.001734591
1.001734591
1.001734591
1.001734591
1.001734591
1.001734591
1.001734591
1.001734591
1.001734591
1.001734591
1.001915691
1.001915691
1.001915691
1.001915691
1.001915691
1.001915691
1.001915691
1.001915691
1.001915691
1.001915691
1.001915691
1.001915691
1.001915691
1.001915691
1.001915691
1.001915691
1.001915691
1.001915691
1.001915691
1.001915691
1.001915691
1.001915691
1.001915691
1.001915691
1.001915691
1.002302966
1.002302966
1.002302966
1.002302966
1.002302966
1.002302966
1.002302966
1.002302966
1.002302966
1.002302966
1.002302966
1.002302966
1.002302966
1.002302966
1.002302966
1.002302966
1.002302966
1.002302966
1.002302966
1.002302966
1.002302966
1.002302966
1.002302966
1.002302966
1.002302966
1.002484066
1.002484066
1.002484066
1.002484066
1.002484066
1.002484066
1.002484066
1.002484066
1.002484066
1.002484066
1.002484066
1.002484066
1.002484066
1.002484066
1.002484066
1.002484066
1.002484066
1.002484066
1.002484066
1.002484066
1.002484066
1.002484066
1.002484066
1.002484066
1.002484066
1.002484066
1.002665166
1.002665166
1.002665166
1.002665166
1.002665166
1.002665166
1.002665166
1.002665166
1.002665166
1.002665166
1.002665166
1.002665166
1.002665166
1.002665166
1.002665166
1.002665166
1.002665166
1.002665166
1.002665166
1.002665166
1.002665166
1.002665166
1.002665166
1.002665166
1.002665166
1.002846266
1.002846266
1.002846266
1.002846266
1.002846266
1.002846266
1.002846266
1.002846266
1.002846266
1.002846266
1.002846266
1.002846266
1.002846266
1.002846266
1.002846266
1.002846266
1.002846266
1.002846266
1.002846266
1.002846266
1.002846266
1.002846266
1.002846266
1.002846266
1.002846266
0.9994009176
0.9994009176
0.9994009176
0.9994009176
0.9994009176
0.9994009176
0.9994009176
0.9994009176
0.9994009176
0.9994009176
0.9994009176
0.9994009176
0.9994009176
0.9994009176
0.9994009176
0.9994009176
0.9994009176
0.9994009176
0.9994009176
0.9994009176
0.9994009176
0.9994009176
0.9994009176
0.9994009176
0.9994009176
0.9994009176
0.9995820176
0.9995820176
0.9995820176
0.9995820176
0.9995820176
0.9995820176
0.9995820176
0.9995820176
0.9995820176
0.9995820176
0.9995820176
0.9995820176
0.9995820176
0.9995820176
0.9995820176
0.9995820176
0.9995820176
0.9995820176
0.9995820176
0.9995820176
0.9995820176
0.9995820176
0.9995820176
0.9995820176
0.9995820176
0.9997631176
0.9997631176
0.9997631176
0.9997631176
0.9997631176
0.9997631176
0.9997631176
0.9997631176
0.9997631176
0.9997631176
0.9997631176
0.9997631176
0.9997631176
0.9997631176
0.9997631176
0.9997631176
0.9997631176
0.9997631176
0.9997631176
0.9997631176
0.9997631176
0.9997631176
0.9997631176
0.9997631176
0.9997631176
0.9997631176
0.9999442176
0.9999442176
0.9999442176
0.9999442176
0.9999442176
0.9999442176
0.9999442176
0.9999442176
0.9999442176
0.9999442176
0.9999442176
0.9999442176
0.9999442176
0.9999442176
0.9999442176
0.9999442176
0.9999442176
0.9999442176
0.9999442176
0.9999442176
0.9999442176
0.9999442176
0.9999442176
0.9999442176
0.9999442176
1.003052813
1.003052813
1.003052813
1.003052813
1.003052813
1.003052813
1.003052813
1.003052813
1.003052813
1.003052813
1.003052813
1.003052813
1.003052813
1.003052813
1.003052813
1.003052813
1.003052813
1.003052813
1.003052813
1.003052813
1.003052813
1.003052813
1.003052813
1.003052813
1.003052813
1.003233913
1.003233913
1.003233913
1.003233913
1.003233913
1.003233913
1.003233913
1.003233913
1.003233913
1.003233913
1.003233913
1.003233913
1.003233913
1.003233913
1.003233913
1.003233913
1.003233913
1.003233913
1.003233913
1.003233913
1.003233913
1.003233913
1.003233913
1.003233913
1.003233913
1.003233913
1.003415013
1.003415013
1.003415013
1.003415013
1.003415013
1.003415013
1.003415013
1.003415013
1.003415013
1.003415013
1.003415013
1.003415013
1.003415013
1.003415013
1.003415013
1.003415013
1.003415013
1.003415013
1.003415013
1.003415013
1.003415013
1.003415013
1.003415013
1.003415013
1.003415013
1.003596113
1.003596113
1.003596113
1.003596113
1.003596113
1.003596113
1.003596113
1.003596113
1.003596113
1.003596113
1.003596113
1.003596113
1.003596113
1.003596113
1.003596113
1.003596113
1.003596113
1.003596113
1.003596113
1.003596113
1.003596113
1.003596113
1.003596113
1.003596113
1.003596113
1.003596113
1.007024687
1.007024687
1.007024687
1.007024687
1.007024687
1.007024687
1.007024687
1.007024687
1.007024687
1.007024687
1.007024687
1.007024687
1.007024687
1.007024687
1.007024687
1.007024687
1.007024687
1.007024687
1.007024687
1.007024687
1.007024687
1.007024687
1.007024687
1.007024687
1.007024687
1.007205787
1.007205787
1.007205787
1.007205787
1.007205787
1.007205787
1.007205787
1.007205787
1.007205787
1.007205787
1.007205787
1.007205787
1.007205787
1.007205787
1.007205787
1.007205787
1.007205787
1.007205787
1.007205787
1.007205787
1.007205787
1.007205787
1.007205787
1.007205787
1.007205787
1.007386887
1.007386887
1.007386887
1.007386887
1.007386887
1.007386887
1.007386887
1.007386887
1.007386887
1.007386887
1.007386887
1.007386887
1.007386887
1.007386887
1.007386887
1.007386887
1.007386887
1.007386887
1.007386887
1.007386887
1.007386887
1.007386887
1.007386887
1.007386887
1.007386887
1.007386887
1.007567987
1.007567987
1.007567987
1.007567987
1.007567987
1.007567987
1.007567987
1.007567987
1.007567987
1.007567987
1.007567987
1.007567987
1.007567987
1.007567987
1.007567987
1.007567987
1.007567987
1.007567987
1.007567987
1.007567987
1.007567987
1.007567987
1.007567987
1.007567987
1.007567987
1.011025468
1.011025468
1.011025468
1.011025468
1.011025468
1.011025468
1.011025468
1.011025468
1.011025468
1.011025468
1.011025468
1.011025468
1.011025468
1.011025468
1.011025468
1.011025468
1.011025468
1.011025468
1.011025468
1.011025468
1.011025468
1.011025468
1.011025468
1.011025468
1.011025468
1.011206568
1.011206568
1.011206568
1.011206568
1.011206568
1.011206568
1.011206568
1.011206568
1.011206568
1.011206568
1.011206568
1.011206568
1.011206568
1.011206568
1.011206568
1.011206568
1.011206568
1.011206568
1.011206568
1.011206568
1.011206568
1.011206568
1.011206568
1.011206568
1.011206568
1.011206568
1.011387668
1.011387668
1.011387668
1.011387668
1.011387668
1.011387668
1.011387668
1.011387668
1.011387668
1.011387668
1.011387668
1.011387668
1.011387668
1.011387668
1.011387668
1.011387668
1.011387668
1.011387668
1.011387668
1.011387668
1.011387668
1.011387668
1.011387668
1.011387668
1.011387668
1.011568768
1.011568768
1.011568768
1.011568768
1.011568768
1.011568768
1.011568768
1.011568768
1.011568768
1.011568768
1.011568768
1.011568768
1.011568768
1.011568768
1.011568768
1.011568768
1.011568768
1.011568768
1.011568768
1.011568768
1.011568768
1.011568768
1.011568768
1.011568768
1.011568768
1.011568768
1.015160604
1.015160604
1.015160604
1.015160604
1.015160604
1.015160604
1.015160604
1.015160604
1.015160604
1.015160604
1.015160604
1.015160604
1.015160604
1.015160604
1.015160604
1.015160604
1.015160604
1.015160604
1.015160604
1.015160604
1.015160604
1.015160604
1.015160604
1.015160604
1.015160604
1.015341704
1.015341704
1.015341704
1.015341704
1.015341704
1.015341704
1.015341704
1.015341704
1.015341704
1.015341704
1.015341704
1.015341704
1.015341704
1.015341704
1.015341704
1.015341704
1.015341704
1.015341704
1.015341704
1.015341704
1.015341704
1.015341704
1.015341704
1.015341704
1.015341704
1.015522804
1.015522804
1.015522804
1.015522804
1.015522804
1.015522804
1.015522804
1.015522804
1.015522804
1.015522804
1.015522804
1.015522804
1.015522804
1.015522804
1.015522804
1.015522804
1.015522804
1.015522804
1.015522804
1.015522804
1.015522804
1.015522804
1.015522804
1.015522804
1.015522804
1.015522804
1.015703904
1.015703904
1.015703904
1.015703904
1.015703904
1.015703904
1.015703904
1.015703904
1.015703904
1.015703904
1.015703904
1.015703904
1.015703904
1.015703904
1.015703904
1.015703904
1.015703904
1.015703904
1.015703904
1.015703904
1.015703904
1.015703904
1.015703904
1.015703904
1.015703904
1.0181583
1.0181583
1.0181583
1.0181583
1.0181583
1.0181583
1.0181583
1.0181583
1.0181583
1.0181583
1.0181583
1.0181583
1.0181583
1.0181583
1.0181583
1.0181583
1.0181583
1.0181583
1.0181583
1.0181583
1.0181583
1.0181583
1.0181583
1.0181583
1.0181583
1.0181583
1.0183394
1.0183394
1.0183394
1.0183394
1.0183394
1.0183394
1.0183394
1.0183394
1.0183394
1.0183394
1.0183394
1.0183394
1.0183394
1.0183394
1.0183394
1.0183394
1.0183394
1.0183394
1.0183394
1.0183394
1.0183394
1.0183394
1.0183394
1.0183394
1.0183394
1.0185205
1.0185205
1.0185205
1.0185205
1.0185205
1.0185205
1.0185205
1.0185205
1.0185205
1.0185205
1.0185205
1.0185205
1.0185205
1.0185205
1.0185205
1.0185205
1.0185205
1.0185205
1.0185205
1.0185205
1.0185205
1.0185205
1.0185205
1.0185205
1.0185205
1.0187016
1.0187016
1.0187016
1.0187016
1.0187016
1.0187016
1.0187016
1.0187016
1.0187016
1.0187016
1.0187016
1.0187016
1.0187016
1.0187016
1.0187016
1.0187016
1.0187016
1.0187016
1.0187016
1.0187016
1.0187016
1.0187016
1.0187016
1.0187016
1.0187016
1.0187016
1.022345542
1.022345542
1.022345542
1.022345542
1.022345542
1.022345542
1.022345542
1.022345542
1.022345542
1.022345542
1.022345542
1.022345542
1.022345542
1.022345542
1.022345542
1.022345542
1.022345542
1.022345542
1.022345542
1.022345542
1.022345542
1.022345542
1.022345542
1.022345542
1.022345542
1.022526642
1.022526642
1.022526642
1.022526642
1.022526642
1.022526642
1.022526642
1.022526642
1.022526642
1.022526642
1.022526642
1.022526642
1.022526642
1.022526642
1.022526642
1.022526642
1.022526642
1.022526642
1.022526642
1.022526642
1.022526642
1.022526642
1.022526642
1.022526642
1.022526642
1.022707742
1.022707742
1.022707742
1.022707742
1.022707742
1.022707742
1.022707742
1.022707742
1.022707742
1.022707742
1.022707742
1.022707742
1.022707742
1.022707742
1.022707742
1.022707742
1.022707742
1.022707742
1.022707742
1.022707742
1.022707742
1.022707742
1.022707742
1.022707742
1.022707742
1.022707742
1.022888842
1.022888842
1.022888842
1.022888842
1.022888842
1.022888842
1.022888842
1.022888842
1.022888842
1.022888842
1.022888842
1.022888842
1.022888842
1.022888842
1.022888842
1.022888842
1.022888842
1.022888842
1.022888842
1.022888842
1.022888842
1.022888842
1.022888842
1.022888842
1.022888842
1.026004658
1.026004658
1.026004658
1.026004658
1.026004658
1.026004658
1.026004658
1.026004658
1.026004658
1.026004658
1.026004658
1.026004658
1.026004658
1.026004658
1.026004658
1.026004658
1.026004658
1.026004658
1.026004658
1.026004658
1.026004658
1.026004658
1.026004658
1.026004658
1.026004658
1.026004658
1.026185758
1.026185758
1.026185758
1.026185758
1.026185758
1.026185758
1.026185758
1.026185758
1.026185758
1.026185758
1.026185758
1.026185758
1.026185758
1.026185758
1.026185758
1.026185758
1.026185758
1.026185758
1.026185758
1.026185758
1.026185758
1.026185758
1.026185758
1.026185758
1.026185758
1.026366858
1.026366858
1.026366858
1.026366858
1.026366858
1.026366858
1.026366858
1.026366858
1.026366858
1.026366858
1.026366858
1.026366858
1.026366858
1.026366858
1.026366858
1.026366858
1.026366858
1.026366858
1.026366858
1.026366858
1.026366858
1.026366858
1.026366858
1.026366858
1.026366858
1.026547958
1.026547958
1.026547958
1.026547958
1.026547958
1.026547958
1.026547958
1.026547958
1.026547958
1.026547958
1.026547958
1.026547958
1.026547958
1.026547958
1.026547958
1.026547958
1.026547958
1.026547958
1.026547958
1.026547958
1.026547958
1.026547958
1.026547958
1.026547958
1.026547958
1.026547958
1.029913551
1.029913551
1.029913551
1.029913551
1.029913551
1.029913551
1.029913551
1.029913551
1.029913551
1.029913551
1.029913551
1.029913551
1.029913551
1.029913551
1.029913551
1.029913551
1.029913551
1.029913551
1.029913551
1.029913551
1.029913551
1.029913551
1.029913551
1.029913551
1.029913551
1.030094651
1.030094651
1.030094651
1.030094651
1.030094651
1.030094651
1.030094651
1.030094651
1.030094651
1.030094651
1.030094651
1.030094651
1.030094651
1.030094651
1.030094651
1.030094651
1.030094651
1.030094651
1.030094651
1.030094651
1.030094651
1.030094651
1.030094651
1.030094651
1.030094651
1.030094651
1.030275751
1.030275751
1.030275751
1.030275751
1.030275751
1.030275751
1.030275751
1.030275751
1.030275751
1.030275751
1.030275751
1.030275751
1.030275751
1.030275751
1.030275751
1.030275751
1.030275751
1.030275751
1.030275751
1.030275751
1.030275751
1.030275751
1.030275751
1.030275751
1.030275751
1.030456851
1.030456851
1.030456851
1.030456851
1.030456851
1.030456851
1.030456851
1.030456851
1.030456851
1.030456851
1.030456851
1.030456851
1.030456851
1.030456851
1.030456851
1.030456851
1.030456851
1.030456851
1.030456851
1.030456851
1.030456851
1.030456851
1.030456851
1.030456851
1.030456851
1.034185056
1.034185056
1.034185056
1.034185056
1.034185056
1.034185056
1.034185056
1.034185056
1.034185056
1.034185056
1.034185056
1.034185056
1.034185056
1.034185056
1.034185056
1.034185056
1.034185056
1.034185056
1.034185056
1.034185056
1.034185056
1.034185056
1.034185056
1.034185056
1.034185056
1.034185056
1.034366156
1.034366156
1.034366156
1.034366156
1.034366156
1.034366156
1.034366156
1.034366156
1.034366156
1.034366156
1.034366156
1.034366156
1.034366156
1.034366156
1.034366156
1.034366156
1.034366156
1.034366156
1.034366156
1.034366156
1.034366156
1.034366156
1.034366156
1.034366156
1.034366156
1.034547256
1.034547256
1.034547256
1.034547256
1.034547256
1.034547256
1.034547256
1.034547256
1.034547256
1.034547256
1.034547256
1.034547256
1.034547256
1.034547256
1.034547256
1.034547256
1.034547256
1.034547256
1.034547256
1.034547256
1.034547256
1.034547256
1.034547256
1.034547256
1.034547256
1.034728356
1.034728356
1.034728356
1.034728356
1.034728356
1.034728356
1.034728356
1.034728356
1.034728356
1.034728356
1.034728356
1.034728356
1.034728356
1.034728356
1.034728356
1.034728356
1.034728356
1.034728356
1.034728356
1.034728356
1.034728356
1.034728356
1.034728356
1.034728356
1.034728356
1.034728356
1.038486622
1.038486622
1.038486622
1.038486622
1.038486622
1.038486622
1.038486622
1.038486622
1.038486622
1.038486622
1.038486622
1.038486622
1.038486622
1.038486622
1.038486622
1.038486622
1.038486622
1.038486622
1.038486622
1.038486622
1.038486622
1.038486622
1.038486622
1.038486622
1.038486622
1.038667722
1.038667722
1.038667722
1.038667722
1.038667722
1.038667722
1.038667722
1.038667722
1.038667722
1.038667722
1.038667722
1.038667722
1.038667722
1.038667722
1.038667722
1.038667722
1.038667722
1.038667722
1.038667722
1.038667722
1.038667722
1.038667722
1.038667722
1.038667722
1.038667722
1.038667722
1.038848822
1.038848822
1.038848822
1.038848822
1.038848822
1.038848822
1.038848822
1.038848822
1.038848822
1.038848822
1.038848822
1.038848822
1.038848822
1.038848822
1.038848822
1.038848822
1.038848822
1.038848822
1.038848822
1.038848822
1.038848822
1.038848822
1.038848822
1.038848822
1.038848822
1.039029922
1.039029922
1.039029922
1.039029922
1.039029922
1.039029922
1.039029922
1.039029922
1.039029922
1.039029922
1.039029922
1.039029922
1.039029922
1.039029922
1.039029922
1.039029922
1.039029922
1.039029922
1.039029922
1.039029922
1.039029922
1.039029922
1.039029922
1.039029922
1.039029922
1.042749007
1.042749007
1.042749007
1.042749007
1.042749007
1.042749007
1.042749007
1.042749007
1.042749007
1.042749007
1.042749007
1.042749007
1.042749007
1.042749007
1.042749007
1.042749007
1.042749007
1.042749007
1.042749007
1.042749007
1.042749007
1.042749007
1.042749007
1.042749007
1.042749007
1.042749007
1.042930107
1.042930107
1.042930107
1.042930107
1.042930107
1.042930107
1.042930107
1.042930107
1.042930107
1.042930107
1.042930107
1.042930107
1.042930107
1.042930107
1.042930107
1.042930107
1.042930107
1.042930107
1.042930107
1.042930107
1.042930107
1.042930107
1.042930107
1.042930107
1.042930107
1.043111207
1.043111207
1.043111207
1.043111207
1.043111207
1.043111207
1.043111207
1.043111207
1.043111207
1.043111207
1.043111207
1.043111207
1.043111207
1.043111207
1.043111207
1.043111207
1.043111207
1.043111207
1.043111207
1.043111207
1.043111207
1.043111207
1.043111207
1.043111207
1.043111207
1.043111207
1.043292307
1.043292307
1.043292307
1.043292307
1.043292307
1.043292307
1.043292307
1.043292307
1.043292307
1.043292307
1.043292307
1.043292307
1.043292307
1.043292307
1.043292307
1.043292307
1.043292307
1.043292307
1.043292307
1.043292307
1.043292307
1.043292307
1.043292307
1.043292307
1.043292307
1.046974398
1.046974398
1.046974398
1.046974398
1.046974398
1.046974398
1.046974398
1.046974398
1.046974398
1.046974398
1.046974398
1.046974398
1.046974398
1.046974398
1.046974398
1.046974398
1.046974398
1.046974398
1.046974398
1.046974398
1.046974398
1.046974398
1.046974398
1.046974398
1.046974398
1.047155498
1.047155498
1.047155498
1.047155498
1.047155498
1.047155498
1.047155498
1.047155498
1.047155498
1.047155498
1.047155498
1.047155498
1.047155498
1.047155498
1.047155498
1.047155498
1.047155498
1.047155498
1.047155498
1.047155498
1.047155498
1.047155498
1.047155498
1.047155498
1.047155498
1.047155498
1.047336598
1.047336598
1.047336598
1.047336598
1.047336598
1.047336598
1.047336598
1.047336598
1.047336598
1.047336598
1.047336598
1.047336598
1.047336598
1.047336598
1.047336598
1.047336598
1.047336598
1.047336598
1.047336598
1.047336598
1.047336598
1.047336598
1.047336598
1.047336598
1.047336598
1.047517698
1.047517698
1.047517698
1.047517698
1.047517698
1.047517698
1.047517698
1.047517698
1.047517698
1.047517698
1.047517698
1.047517698
1.047517698
1.047517698
1.047517698
1.047517698
1.047517698
1.047517698
1.047517698
1.047517698
1.047517698
1.047517698
1.047517698
1.047517698
1.047517698
1.051367585
1.051367585
1.051367585
1.051367585
1.051367585
1.051367585
1.051367585
1.051367585
1.051367585
1.051367585
1.051367585
1.051367585
1.051367585
1.051367585
1.051367585
1.051367585
1.051367585
1.051367585
1.051367585
1.051367585
1.051367585
1.051367585
1.051367585
1.051367585
1.051367585
1.051367585
1.051548685
1.051548685
1.051548685
1.051548685
1.051548685
1.051548685
1.051548685
1.051548685
1.051548685
1.051548685
1.051548685
1.051548685
1.051548685
1.051548685
1.051548685
1.051548685
1.051548685
1.051548685
1.051548685
1.051548685
1.051548685
1.051548685
1.051548685
1.051548685
1.051548685
1.051729785
1.051729785
1.051729785
1.051729785
1.051729785
1.051729785
1.051729785
1.051729785
1.051729785
1.051729785
1.051729785
1.051729785
1.051729785
1.051729785
1.051729785
1.051729785
1.051729785
1.051729785
1.051729785
1.051729785
1.051729785
1.051729785
1.051729785
1.051729785
1.051729785
1.051729785
1.051910885
1.051910885
1.051910885
1.051910885
1.051910885
1.051910885
1.051910885
1.051910885
1.051910885
1.051910885
1.051910885
1.051910885
1.051910885
1.051910885
1.051910885
1.051910885
1.051910885
1.051910885
1.051910885
1.051910885
1.051910885
1.051910885
1.051910885
1.051910885
1.051910885
1.055792399
1.055792399
1.055792399
1.055792399
1.055792399
1.055792399
1.055792399
1.055792399
1.055792399
1.055792399
1.055792399
1.055792399
1.055792399
1.055792399
1.055792399
1.055792399
1.055792399
1.055792399
1.055792399
1.055792399
1.055792399
1.055792399
1.055792399
1.055792399
1.055792399
1.055973499
1.055973499
1.055973499
1.055973499
1.055973499
1.055973499
1.055973499
1.055973499
1.055973499
1.055973499
1.055973499
1.055973499
1.055973499
1.055973499
1.055973499
1.055973499
1.055973499
1.055973499
1.055973499
1.055973499
1.055973499
1.055973499
1.055973499
1.055973499
1.055973499
1.055973499
1.056154599
1.056154599
1.056154599
1.056154599
1.056154599
1.056154599
1.056154599
1.056154599
1.056154599
1.056154599
1.056154599
1.056154599
1.056154599
1.056154599
1.056154599
1.056154599
1.056154599
1.056154599
1.056154599
1.056154599
1.056154599
1.056154599
1.056154599
1.056154599
1.056154599
1.056335699
1.056335699
1.056335699
1.056335699
1.056335699
1.056335699
1.056335699
1.056335699
1.056335699
1.056335699
1.056335699
1.056335699
1.056335699
1.056335699
1.056335699
1.056335699
1.056335699
1.056335699
1.056335699
1.056335699
1.056335699
1.056335699
1.056335699
1.056335699
1.056335699
1.056335699
1.060249252
1.060249252
1.060249252
1.060249252
1.060249252
1.060249252
1.060249252
1.060249252
1.060249252
1.060249252
1.060249252
1.060249252
1.060249252
1.060249252
1.060249252
1.060249252
1.060249252
1.060249252
1.060249252
1.060249252
1.060249252
1.060249252
1.060249252
1.060249252
1.060249252
1.060430352
1.060430352
1.060430352
1.060430352
1.060430352
1.060430352
1.060430352
1.060430352
1.060430352
1.060430352
1.060430352
1.060430352
1.060430352
1.060430352
1.060430352
1.060430352
1.060430352
1.060430352
1.060430352
1.060430352
1.060430352
1.060430352
1.060430352
1.060430352
1.060430352
1.060611452
1.060611452
1.060611452
1.060611452
1.060611452
1.060611452
1.060611452
1.060611452
1.060611452
1.060611452
1.060611452
1.060611452
1.060611452
1.060611452
1.060611452
1.060611452
1.060611452
1.060611452
1.060611452
1.060611452
1.060611452
1.060611452
1.060611452
1.060611452
1.060611452
1.060611452
1.060792552
1.060792552
1.060792552
1.060792552
1.060792552
1.060792552
1.060792552
1.060792552
1.060792552
1.060792552
1.060792552
1.060792552
1.060792552
1.060792552
1.060792552
1.060792552
1.060792552
1.060792552
1.060792552
1.060792552
1.060792552
1.060792552
1.060792552
1.060792552
1.060792552
1.060459401
1.060459401
1.060459401
1.060459401
1.060459401
1.060459401
1.060459401
1.060459401
1.060459401
1.060459401
1.060459401
1.060459401
1.060459401
1.060459401
1.060459401
1.060459401
1.060459401
1.060459401
1.060459401
1.060459401
1.060459401
1.060459401
1.060459401
1.060459401
1.060459401
1.060640501
1.060640501
1.060640501
1.060640501
1.060640501
1.060640501
1.060640501
1.060640501
1.060640501
1.060640501
1.060640501
1.060640501
1.060640501
1.060640501
1.060640501
1.060640501
1.060640501
1.060640501
1.060640501
1.060640501
1.060640501
1.060640501
1.060640501
1.060640501
1.060640501
1.060640501
1.060821601
1.060821601
1.060821601
1.060821601
1.060821601
1.060821601
1.060821601
1.060821601
1.060821601
1.060821601
1.060821601
1.060821601
1.060821601
1.060821601
1.060821601
1.060821601
1.060821601
1.060821601
1.060821601
1.060821601
1.060821601
1.060821601
1.060821601
1.060821601
1.060821601
1.061002701
1.061002701
1.061002701
1.061002701
1.061002701
1.061002701
1.061002701
1.061002701
1.061002701
1.061002701
1.061002701
1.061002701
1.061002701
1.061002701
1.061002701
1.061002701
1.061002701
1.061002701
1.061002701
1.061002701
1.061002701
1.061002701
1.061002701
1.061002701
1.061002701
1.061002701
1.060901202
1.060901202
1.060901202
1.060901202
1.060901202
1.060901202
1.060901202
1.060901202
1.060901202
1.060901202
1.060901202
1.060901202
1.060901202
1.060901202
1.060901202
1.060901202
1.060901202
1.060901202
1.060901202
1.060901202
1.060901202
1.060901202
1.060901202
1.060901202
1.060901202
1.061082302
1.061082302
1.061082302
1.061082302
1.061082302
1.061082302
1.061082302
1.061082302
1.061082302
1.061082302
1.061082302
1.061082302
1.061082302
1.061082302
1.061082302
1.061082302
1.061082302
1.061082302
1.061082302
1.061082302
1.061082302
1.061082302
1.061082302
1.061082302
1.061082302
1.061263402
1.061263402
1.061263402
1.061263402
1.061263402
1.061263402
1.061263402
1.061263402
1.061263402
1.061263402
1.061263402
1.061263402
1.061263402
1.061263402
1.061263402
1.061263402
1.061263402
1.061263402
1.061263402
1.061263402
1.061263402
1.061263402
1.061263402
1.061263402
1.061263402
1.061263402
1.061444502
1.061444502
1.061444502
1.061444502
1.061444502
1.061444502
1.061444502
1.061444502
1.061444502
1.061444502
1.061444502
1.061444502
1.061444502
1.061444502
1.061444502
1.061444502
1.061444502
1.061444502
1.061444502
1.061444502
1.061444502
1.061444502
1.061444502
1.061444502
1.061444502
1.058776396
1.058776396
1.058776396
1.058776396
1.058776396
1.058776396
1.058776396
1.058776396
1.058776396
1.058776396
1.058776396
1.058776396
1.058776396
1.058776396
1.058776396
1.058776396
1.058776396
1.058776396
1.058776396
1.058776396
1.058776396
1.058776396
1.058776396
1.058776396
1.058776396
1.058776396
1.058957496
1.058957496
1.058957496
1.058957496
1.058957496
1.058957496
1.058957496
1.058957496
1.058957496
1.058957496
1.058957496
1.058957496
1.058957496
1.058957496
1.058957496
1.058957496
1.058957496
1.058957496
1.058957496
1.058957496
1.058957496
1.058957496
1.058957496
1.058957496
1.058957496
1.059138596
1.059138596
1.059138596
1.059138596
1.059138596
1.059138596
1.059138596
1.059138596
1.059138596
1.059138596
1.059138596
1.059138596
1.059138596
1.059138596
1.059138596
1.059138596
1.059138596
1.059138596
1.059138596
1.059138596
1.059138596
1.059138596
1.059138596
1.059138596
1.059138596
1.059319696
1.059319696
1.059319696
1.059319696
1.059319696
1.059319696
1.059319696
1.059319696
1.059319696
1.059319696
1.059319696
1.059319696
1.059319696
1.059319696
1.059319696
1.059319696
1.059319696
1.059319696
1.059319696
1.059319696
1.059319696
1.059319696
1.059319696
1.059319696
1.059319696
1.059319696
1.062926961
1.062926961
1.062926961
1.062926961
1.062926961
1.062926961
1.062926961
1.062926961
1.062926961
1.062926961
1.062926961
1.062926961
1.062926961
1.062926961
1.062926961
1.062926961
1.062926961
1.062926961
1.062926961
1.062926961
1.062926961
1.062926961
1.062926961
1.062926961
1.062926961
1.063108061
1.063108061
1.063108061
1.063108061
1.063108061
1.063108061
1.063108061
1.063108061
1.063108061
1.063108061
1.063108061
1.063108061
1.063108061
1.063108061
1.063108061
1.063108061
1.063108061
1.063108061
1.063108061
1.063108061
1.063108061
1.063108061
1.063108061
1.063108061
1.063108061
1.063289161
1.063289161
1.063289161
1.063289161
1.063289161
1.063289161
1.063289161
1.063289161
1.063289161
1.063289161
1.063289161
1.063289161
1.063289161
1.063289161
1.063289161
1.063289161
1.063289161
1.063289161
1.063289161
1.063289161
1.063289161
1.063289161
1.063289161
1.063289161
1.063289161
1.063289161
1.063470261
1.063470261
1.063470261
1.063470261
1.063470261
1.063470261
1.063470261
1.063470261
1.063470261
1.063470261
1.063470261
1.063470261
1.063470261
1.063470261
1.063470261
1.063470261
1.063470261
1.063470261
1.063470261
1.063470261
1.063470261
1.063470261
1.063470261
1.063470261
1.063470261
1.067381665
1.067381665
1.067381665
1.067381665
1.067381665
1.067381665
1.067381665
1.067381665
1.067381665
1.067381665
1.067381665
1.067381665
1.067381665
1.067381665
1.067381665
1.067381665
1.067381665
1.067381665
1.067381665
1.067381665
1.067381665
1.067381665
1.067381665
1.067381665
1.067381665
1.067381665
1.067562765
1.067562765
1.067562765
1.067562765
1.067562765
1.067562765
1.067562765
1.067562765
1.067562765
1.067562765
1.067562765
1.067562765
1.067562765
1.067562765
1.067562765
1.067562765
1.067562765
1.067562765
1.067562765
1.067562765
1.067562765
1.067562765
1.067562765
1.067562765
1.067562765
1.067743865
1.067743865
1.067743865
1.067743865
1.067743865
1.067743865
1.067743865
1.067743865
1.067743865
1.067743865
1.067743865
1.067743865
1.067743865
1.067743865
1.067743865
1.067743865
1.067743865
1.067743865
1.067743865
1.067743865
1.067743865
1.067743865
1.067743865
1.067743865
1.067743865
1.067924965
1.067924965
1.067924965
1.067924965
1.067924965
1.067924965
1.067924965
1.067924965
1.067924965
1.067924965
1.067924965
1.067924965
1.067924965
1.067924965
1.067924965
1.067924965
1.067924965
1.067924965
1.067924965
1.067924965
1.067924965
1.067924965
1.067924965
1.067924965
1.067924965
1.067924965
1.071871393
1.071871393
1.071871393
1.071871393
1.071871393
1.071871393
1.071871393
1.071871393
1.071871393
1.071871393
1.071871393
1.071871393
1.071871393
1.071871393
1.071871393
1.071871393
1.071871393
1.071871393
1.071871393
1.071871393
1.071871393
1.071871393
1.071871393
1.071871393
1.071871393
1.072052493
1.072052493
1.072052493
1.072052493
1.072052493
1.072052493
1.072052493
1.072052493
1.072052493
1.072052493
1.072052493
1.072052493
1.072052493
1.072052493
1.072052493
1.072052493
1.072052493
1.072052493
1.072052493
1.072052493
1.072052493
1.072052493
1.072052493
1.072052493
1.072052493
1.072052493
1.072233593
1.072233593
1.072233593
1.072233593
1.072233593
1.072233593
1.072233593
1.072233593
1.072233593
1.072233593
1.072233593
1.072233593
1.072233593
1.072233593
1.072233593
1.072233593
1.072233593
1.072233593
1.072233593
1.072233593
1.072233593
1.072233593
1.072233593
1.072233593
1.072233593
1.072414693
1.072414693
1.072414693
1.072414693
1.072414693
1.072414693
1.072414693
1.072414693
1.072414693
1.072414693
1.072414693
1.072414693
1.072414693
1.072414693
1.072414693
1.072414693
1.072414693
1.072414693
1.072414693
1.072414693
1.072414693
1.072414693
1.072414693
1.072414693
1.072414693
1.071921782
1.071921782
1.071921782
1.071921782
1.071921782
1.071921782
1.071921782
1.071921782
1.071921782
1.071921782
1.071921782
1.071921782
1.071921782
1.071921782
1.071921782
1.071921782
1.071921782
1.071921782
1.071921782
1.071921782
1.071921782
1.071921782
1.071921782
1.071921782
1.071921782
1.071921782
1.072102882
1.072102882
1.072102882
1.072102882
1.072102882
1.072102882
1.072102882
1.072102882
1.072102882
1.072102882
1.072102882
1.072102882
1.072102882
1.072102882
1.072102882
1.072102882
1.072102882
1.072102882
1.072102882
1.072102882
1.072102882
1.072102882
1.072102882
1.072102882
1.072102882
1.072283982
1.072283982
1.072283982
1.072283982
1.072283982
1.072283982
1.072283982
1.072283982
1.072283982
1.072283982
1.072283982
1.072283982
1.072283982
1.072283982
1.072283982
1.072283982
1.072283982
1.072283982
1.072283982
1.072283982
1.072283982
1.072283982
1.072283982
1.072283982
1.072283982
1.072465082
1.072465082
1.072465082
1.072465082
1.072465082
1.072465082
1.072465082
1.072465082
1.072465082
1.072465082
1.072465082
1.072465082
1.072465082
1.072465082
1.072465082
1.072465082
1.072465082
1.072465082
1.072465082
1.072465082
1.072465082
1.072465082
1.072465082
1.072465082
1.072465082
1.072465082
1.076558875
1.076558875
1.076558875
1.076558875
1.076558875
1.076558875
1.076558875
1.076558875
1.076558875
1.076558875
1.076558875
1.076558875
1.076558875
1.076558875
1.076558875
1.076558875
1.076558875
1.076558875
1.076558875
1.076558875
1.076558875
1.076558875
1.076558875
1.076558875
1.076558875
1.076739975
1.076739975
1.076739975
1.076739975
1.076739975
1.076739975
1.076739975
1.076739975
1.076739975
1.076739975
1.076739975
1.076739975
1.076739975
1.076739975
1.076739975
1.076739975
1.076739975
1.076739975
1.076739975
1.076739975
1.076739975
1.076739975
1.076739975
1.076739975
1.076739975
1.076739975
1.076921075
1.076921075
1.076921075
1.076921075
1.076921075
1.076921075
1.076921075
1.076921075
1.076921075
1.076921075
1.076921075
1.076921075
1.076921075
1.076921075
1.076921075
1.076921075
1.076921075
1.076921075
1.076921075
1.076921075
1.076921075
1.076921075
1.076921075
1.076921075
1.076921075
1.077102175
1.077102175
1.077102175
1.077102175
1.077102175
1.077102175
1.077102175
1.077102175
1.077102175
1.077102175
1.077102175
1.077102175
1.077102175
1.077102175
1.077102175
1.077102175
1.077102175
1.077102175
1.077102175
1.077102175
1.077102175
1.077102175
1.077102175
1.077102175
1.077102175
1.080971382
1.080971382
1.080971382
1.080971382
1.080971382
1.080971382
1.080971382
1.080971382
1.080971382
1.080971382
1.080971382
1.080971382
1.080971382
1.080971382
1.080971382
1.080971382
1.080971382
1.080971382
1.080971382
1.080971382
1.080971382
1.080971382
1.080971382
1.080971382
1.080971382
1.080971382
1.081152482
1.081152482
1.081152482
1.081152482
1.081152482
1.081152482
1.081152482
1.081152482
1.081152482
1.081152482
1.081152482
1.081152482
1.081152482
1.081152482
1.081152482
1.081152482
1.081152482
1.081152482
1.081152482
1.081152482
1.081152482
1.081152482
1.081152482
1.081152482
1.081152482
1.081333582
1.081333582
1.081333582
1.081333582
1.081333582
1.081333582
1.081333582
1.081333582
1.081333582
1.081333582
1.081333582
1.081333582
1.081333582
1.081333582
1.081333582
1.081333582
1.081333582
1.081333582
1.081333582
1.081333582
1.081333582
1.081333582
1.081333582
1.081333582
1.081333582
1.081333582
1.081514682
1.081514682
1.081514682
1.081514682
1.081514682
1.081514682
1.081514682
1.081514682
1.081514682
1.081514682
1.081514682
1.081514682
1.081514682
1.081514682
1.081514682
1.081514682
1.081514682
1.081514682
1.081514682
1.081514682
1.081514682
1.081514682
1.081514682
1.081514682
1.081514682
1.085111996
1.085111996
1.085111996
1.085111996
1.085111996
1.085111996
1.085111996
1.085111996
1.085111996
1.085111996
1.085111996
1.085111996
1.085111996
1.085111996
1.085111996
1.085111996
1.085111996
1.085111996
1.085111996
1.085111996
1.085111996
1.085111996
1.085111996
1.085111996
1.085111996
1.085293096
1.085293096
1.085293096
1.085293096
1.085293096
1.085293096
1.085293096
1.085293096
1.085293096
1.085293096
1.085293096
1.085293096
1.085293096
1.085293096
1.085293096
1.085293096
1.085293096
1.085293096
1.085293096
1.085293096
1.085293096
1.085293096
1.085293096
1.085293096
1.085293096
1.085293096
1.085474196
1.085474196
1.085474196
1.085474196
1.085474196
1.085474196
1.085474196
1.085474196
1.085474196
1.085474196
1.085474196
1.085474196
1.085474196
1.085474196
1.085474196
1.085474196
1.085474196
1.085474196
1.085474196
1.085474196
1.085474196
1.085474196
1.085474196
1.085474196
1.085474196
1.085655296
1.085655296
1.085655296
1.085655296
1.085655296
1.085655296
1.085655296
1.085655296
1.085655296
1.085655296
1.085655296
1.085655296
1.085655296
1.085655296
1.085655296
1.085655296
1.085655296
1.085655296
1.085655296
1.085655296
1.085655296
1.085655296
1.085655296
1.085655296
1.085655296
1.089852522
1.089852522
1.089852522
1.089852522
1.089852522
1.089852522
1.089852522
1.089852522
1.089852522
1.089852522
1.089852522
1.089852522
1.089852522
1.089852522
1.089852522
1.089852522
1.089852522
1.089852522
1.089852522
1.089852522
1.089852522
1.089852522
1.089852522
1.089852522
1.089852522
1.089852522
1.090033622
1.090033622
1.090033622
1.090033622
1.090033622
1.090033622
1.090033622
1.090033622
1.090033622
1.090033622
1.090033622
1.090033622
1.090033622
1.090033622
1.090033622
1.090033622
1.090033622
1.090033622
1.090033622
1.090033622
1.090033622
1.090033622
1.090033622
1.090033622
1.090033622
1.090214722
1.090214722
1.090214722
1.090214722
1.090214722
1.090214722
1.090214722
1.090214722
1.090214722
1.090214722
1.090214722
1.090214722
1.090214722
1.090214722
1.090214722
1.090214722
1.090214722
1.090214722
1.090214722
1.090214722
1.090214722
1.090214722
1.090214722
1.090214722
1.090214722
1.090214722
1.090395822
1.090395822
1.090395822
1.090395822
1.090395822
1.090395822
1.090395822
1.090395822
1.090395822
1.090395822
1.090395822
1.090395822
1.090395822
1.090395822
1.090395822
1.090395822
1.090395822
1.090395822
1.090395822
1.090395822
1.090395822
1.090395822
1.090395822
1.090395822
1.090395822
1.094629725
1.094629725
1.094629725
1.094629725
1.094629725
1.094629725
1.094629725
1.094629725
1.094629725
1.094629725
1.094629725
1.094629725
1.094629725
1.094629725
1.094629725
1.094629725
1.094629725
1.094629725
1.094629725
1.094629725
1.094629725
1.094629725
1.094629725
1.094629725
1.094629725
1.094810825
1.094810825
1.094810825
1.094810825
1.094810825
1.094810825
1.094810825
1.094810825
1.094810825
1.094810825
1.094810825
1.094810825
1.094810825
1.094810825
1.094810825
1.094810825
1.094810825
1.094810825
1.094810825
1.094810825
1.094810825
1.094810825
1.094810825
1.094810825
1.094810825
1.094810825
1.094991925
1.094991925
1.094991925
1.094991925
1.094991925
1.094991925
1.094991925
1.094991925
1.094991925
1.094991925
1.094991925
1.094991925
1.094991925
1.094991925
1.094991925
1.094991925
1.094991925
1.094991925
1.094991925
1.094991925
1.094991925
1.094991925
1.094991925
1.094991925
1.094991925
1.095173025
1.095173025
1.095173025
1.095173025
1.095173025
1.095173025
1.095173025
1.095173025
1.095173025
1.095173025
1.095173025
1.095173025
1.095173025
1.095173025
1.095173025
1.095173025
1.095173025
1.095173025
1.095173025
1.095173025
1.095173025
1.095173025
1.095173025
1.095173025
1.095173025
1.095173025
1.099347553
1.099347553
1.099347553
1.099347553
1.099347553
1.099347553
1.099347553
1.099347553
1.099347553
1.099347553
1.099347553
1.099347553
1.099347553
1.099347553
1.099347553
1.099347553
1.099347553
1.099347553
1.099347553
1.099347553
1.099347553
1.099347553
1.099347553
1.099347553
1.099347553
1.099528653
1.099528653
1.099528653
1.099528653
1.099528653
1.099528653
1.099528653
1.099528653
1.099528653
1.099528653
1.099528653
1.099528653
1.099528653
1.099528653
1.099528653
1.099528653
1.099528653
1.099528653
1.099528653
1.099528653
1.099528653
1.099528653
1.099528653
1.099528653
1.099528653
1.099709753
1.099709753
1.099709753
1.099709753
1.099709753
1.099709753
1.099709753
1.099709753
1.099709753
1.099709753
1.099709753
1.099709753
1.099709753
1.099709753
1.099709753
1.099709753
1.099709753
1.099709753
1.099709753
1.099709753
1.099709753
1.099709753
1.099709753
1.099709753
1.099709753
1.099709753
1.099890853
1.099890853
1.099890853
1.099890853
1.099890853
1.099890853
1.099890853
1.099890853
1.099890853
1.099890853
1.099890853
1.099890853
1.099890853
1.099890853
1.099890853
1.099890853
1.099890853
1.099890853
1.099890853
1.099890853
1.099890853
1.099890853
1.099890853
1.099890853
1.099890853
1.104103919
1.104103919
1.104103919
1.104103919
1.104103919
1.104103919
1.104103919
1.104103919
1.104103919
1.104103919
1.104103919
1.104103919
1.104103919
1.104103919
1.104103919
1.104103919
1.104103919
1.104103919
1.104103919
1.104103919
1.104103919
1.104103919
1.104103919
1.104103919
1.104103919
1.104285019
1.104285019
1.104285019
1.104285019
1.104285019
1.104285019
1.104285019
1.104285019
1.104285019
1.104285019
1.104285019
1.104285019
1.104285019
1.104285019
1.104285019
1.104285019
1.104285019
1.104285019
1.104285019
1.104285019
1.104285019
1.104285019
1.104285019
1.104285019
1.104285019
1.104285019
1.104466119
1.104466119
1.104466119
1.104466119
1.104466119
1.104466119
1.104466119
1.104466119
1.104466119
1.104466119
1.104466119
1.104466119
1.104466119
1.104466119
1.104466119
1.104466119
1.104466119
1.104466119
1.104466119
1.104466119
1.104466119
1.104466119
1.104466119
1.104466119
1.104466119
1.104647219
1.104647219
1.104647219
1.104647219
1.104647219
1.104647219
1.104647219
1.104647219
1.104647219
1.104647219
1.104647219
1.104647219
1.104647219
1.104647219
1.104647219
1.104647219
1.104647219
1.104647219
1.104647219
1.104647219
1.104647219
1.104647219
1.104647219
1.104647219
1.104647219
1.104647219
1.108993329
1.108993329
1.108993329
1.108993329
1.108993329
1.108993329
1.108993329
1.108993329
1.108993329
1.108993329
1.108993329
1.108993329
1.108993329
1.108993329
1.108993329
1.108993329
1.108993329
1.108993329
1.108993329
1.108993329
1.108993329
1.108993329
1.108993329
1.108993329
1.108993329
1.109174429
1.109174429
1.109174429
1.109174429
1.109174429
1.109174429
1.109174429
1.109174429
1.109174429
1.109174429
1.109174429
1.109174429
1.109174429
1.109174429
1.109174429
1.109174429
1.109174429
1.109174429
1.109174429
1.109174429
1.109174429
1.109174429
1.109174429
1.109174429
1.109174429
1.109355529
1.109355529
1.109355529
1.109355529
1.109355529
1.109355529
1.109355529
1.109355529
1.109355529
1.109355529
1.109355529
1.109355529
1.109355529
1.109355529
1.109355529
1.109355529
1.109355529
1.109355529
1.109355529
1.109355529
1.109355529
1.109355529
1.109355529
1.109355529
1.109355529
1.109355529
1.109536629
1.109536629
1.109536629
1.109536629
1.109536629
1.109536629
1.109536629
1.109536629
1.109536629
1.109536629
1.109536629
1.109536629
1.109536629
1.109536629
1.109536629
1.109536629
1.109536629
1.109536629
1.109536629
1.109536629
1.109536629
1.109536629
1.109536629
1.109536629
1.109536629
1.113921482
1.113921482
1.113921482
1.113921482
1.113921482
1.113921482
1.113921482
1.113921482
1.113921482
1.113921482
1.113921482
1.113921482
1.113921482
1.113921482
1.113921482
1.113921482
1.113921482
1.113921482
1.113921482
1.113921482
1.113921482
1.113921482
1.113921482
1.113921482
1.113921482
1.113921482
1.114102582
1.114102582
1.114102582
1.114102582
1.114102582
1.114102582
1.114102582
1.114102582
1.114102582
1.114102582
1.114102582
1.114102582
1.114102582
1.114102582
1.114102582
1.114102582
1.114102582
1.114102582
1.114102582
1.114102582
1.114102582
1.114102582
1.114102582
1.114102582
1.114102582
1.114283682
1.114283682
1.114283682
1.114283682
1.114283682
1.114283682
1.114283682
1.114283682
1.114283682
1.114283682
1.114283682
1.114283682
1.114283682
1.114283682
1.114283682
1.114283682
1.114283682
1.114283682
1.114283682
1.114283682
1.114283682
1.114283682
1.114283682
1.114283682
1.114283682
1.114464782
1.114464782
1.114464782
1.114464782
1.114464782
1.114464782
1.114464782
1.114464782
1.114464782
1.114464782
1.114464782
1.114464782
1.114464782
1.114464782
1.114464782
1.114464782
1.114464782
1.114464782
1.114464782
1.114464782
1.114464782
1.114464782
1.114464782
1.114464782
1.114464782
1.114464782
1.115020198
1.115020198
1.115020198
1.115020198
1.115020198
1.115020198
1.115020198
1.115020198
1.115020198
1.115020198
1.115020198
1.115020198
1.115020198
1.115020198
1.115020198
1.115020198
1.115020198
1.115020198
1.115020198
1.115020198
1.115020198
1.115020198
1.115020198
1.115020198
1.115020198
1.115201298
1.115201298
1.115201298
1.115201298
1.115201298
1.115201298
1.115201298
1.115201298
1.115201298
1.115201298
1.115201298
1.115201298
1.115201298
1.115201298
1.115201298
1.115201298
1.115201298
1.115201298
1.115201298
1.115201298
1.115201298
1.115201298
1.115201298
1.115201298
1.115201298
1.115382398
1.115382398
1.115382398
1.115382398
1.115382398
1.115382398
1.115382398
1.115382398
1.115382398
1.115382398
1.115382398
1.115382398
1.115382398
1.115382398
1.115382398
1.115382398
1.115382398
1.115382398
1.115382398
1.115382398
1.115382398
1.115382398
1.115382398
1.115382398
1.115382398
1.115382398
1.115563498
1.115563498
1.115563498
1.115563498
1.115563498
1.115563498
1.115563498
1.115563498
1.115563498
1.115563498
1.115563498
1.115563498
1.115563498
1.115563498
1.115563498
1.115563498
1.115563498
1.115563498
1.115563498
1.115563498
1.115563498
1.115563498
1.115563498
1.115563498
1.115563498
1.110229148
1.110229148
1.110229148
1.110229148
1.110229148
1.110229148
1.110229148
1.110229148
1.110229148
1.110229148
1.110229148
1.110229148
1.110229148
1.110229148
1.110229148
1.110229148
1.110229148
1.110229148
1.110229148
1.110229148
1.110229148
1.110229148
1.110229148
1.110229148
1.110229148
1.110229148
1.110410248
1.110410248
1.110410248
1.110410248
1.110410248
1.110410248
1.110410248
1.110410248
1.110410248
1.110410248
1.110410248
1.110410248
1.110410248
1.110410248
1.110410248
1.110410248
1.110410248
1.110410248
1.110410248
1.110410248
1.110410248
1.110410248
1.110410248
1.110410248
1.110410248
1.110591348
1.110591348
1.110591348
1.110591348
1.110591348
1.110591348
1.110591348
1.110591348
1.110591348
1.110591348
1.110591348
1.110591348
1.110591348
1.110591348
1.110591348
1.110591348
1.110591348
1.110591348
1.110591348
1.110591348
1.110591348
1.110591348
1.110591348
1.110591348
1.110591348
1.110772448
1.110772448
1.110772448
1.110772448
1.110772448
1.110772448
1.110772448
1.110772448
1.110772448
1.110772448
1.110772448
1.110772448
1.110772448
1.110772448
1.110772448
1.110772448
1.110772448
1.110772448
1.110772448
1.110772448
1.110772448
1.110772448
1.110772448
1.110772448
1.110772448
1.110772448
1.114930223
1.114930223
1.114930223
1.114930223
1.114930223
1.114930223
1.114930223
1.114930223
1.114930223
1.114930223
1.114930223
1.114930223
1.114930223
1.114930223
1.114930223
1.114930223
1.114930223
1.114930223
1.114930223
1.114930223
1.114930223
1.114930223
1.114930223
1.114930223
1.114930223
1.115111323
1.115111323
1.115111323
1.115111323
1.115111323
1.115111323
1.115111323
1.115111323
1.115111323
1.115111323
1.115111323
1.115111323
1.115111323
1.115111323
1.115111323
1.115111323
1.115111323
1.115111323
1.115111323
1.115111323
1.115111323
1.115111323
1.115111323
1.115111323
1.115111323
1.115111323
1.115292423
1.115292423
1.115292423
1.115292423
1.115292423
1.115292423
1.115292423
1.115292423
1.115292423
1.115292423
1.115292423
1.115292423
1.115292423
1.115292423
1.115292423
1.115292423
1.115292423
1.115292423
1.115292423
1.115292423
1.115292423
1.115292423
1.115292423
1.115292423
1.115292423
1.115473523
1.115473523
1.115473523
1.115473523
1.115473523
1.115473523
1.115473523
1.115473523
1.115473523
1.115473523
1.115473523
1.115473523
1.115473523
1.115473523
1.115473523
1.115473523
1.115473523
1.115473523
1.115473523
1.115473523
1.115473523
1.115473523
1.115473523
1.115473523
1.115473523
1.119605453
1.119605453
1.119605453
1.119605453
1.119605453
1.119605453
1.119605453
1.119605453
1.119605453
1.119605453
1.119605453
1.119605453
1.119605453
1.119605453
1.119605453
1.119605453
1.119605453
1.119605453
1.119605453
1.119605453
1.119605453
1.119605453
1.119605453
1.119605453
1.119605453
1.119605453
1.119786553
1.119786553
1.119786553
1.119786553
1.119786553
1.119786553
1.119786553
1.119786553
1.119786553
1.119786553
1.119786553
1.119786553
1.119786553
1.119786553
1.119786553
1.119786553
1.119786553
1.119786553
1.119786553
1.119786553
1.119786553
1.119786553
1.119786553
1.119786553
1.119786553
1.119967653
1.119967653
1.119967653
1.119967653
1.119967653
1.119967653
1.119967653
1.119967653
1.119967653
1.119967653
1.119967653
1.119967653
1.119967653
1.119967653
1.119967653
1.119967653
1.119967653
1.119967653
1.119967653
1.119967653
1.119967653
1.119967653
1.119967653
1.119967653
1.119967653
1.120148753
1.120148753
1.120148753
1.120148753
1.120148753
1.120148753
1.120148753
1.120148753
1.120148753
1.120148753
1.120148753
1.120148753
1.120148753
1.120148753
1.120148753
1.120148753
1.120148753
1.120148753
1.120148753
1.120148753
1.120148753
1.120148753
1.120148753
1.120148753
1.120148753
1.120148753
1.124481884
1.124481884
1.124481884
1.124481884
1.124481884
1.124481884
1.124481884
1.124481884
1.124481884
1.124481884
1.124481884
1.124481884
1.124481884
1.124481884
1.124481884
1.124481884
1.124481884
1.124481884
1.124481884
1.124481884
1.124481884
1.124481884
1.124481884
1.124481884
1.124481884
1.124662984
1.124662984
1.124662984
1.124662984
1.124662984
1.124662984
1.124662984
1.124662984
1.124662984
1.124662984
1.124662984
1.124662984
1.124662984
1.124662984
1.124662984
1.124662984
1.124662984
1.124662984
1.124662984
1.124662984
1.124662984
1.124662984
1.124662984
1.124662984
1.124662984
1.124662984
1.124844084
1.124844084
1.124844084
1.124844084
1.124844084
1.124844084
1.124844084
1.124844084
1.124844084
1.124844084
1.124844084
1.124844084
1.124844084
1.124844084
1.124844084
1.124844084
1.124844084
1.124844084
1.124844084
1.124844084
1.124844084
1.124844084
1.124844084
1.124844084
1.124844084
1.125025184
1.125025184
1.125025184
1.125025184
1.125025184
1.125025184
1.125025184
1.125025184
1.125025184
1.125025184
1.125025184
1.125025184
1.125025184
1.125025184
1.125025184
1.125025184
1.125025184
1.125025184
1.125025184
1.125025184
1.125025184
1.125025184
1.125025184
1.125025184
1.125025184
1.128579721
1.128579721
1.128579721
1.128579721
1.128579721
1.128579721
1.128579721
1.128579721
1.128579721
1.128579721
1.128579721
1.128579721
1.128579721
1.128579721
1.128579721
1.128579721
1.128579721
1.128579721
1.128579721
1.128579721
1.128579721
1.128579721
1.128579721
1.128579721
1.128579721
1.128579721
1.128760821
1.128760821
1.128760821
1.128760821
1.128760821
1.128760821
1.128760821
1.128760821
1.128760821
1.128760821
1.128760821
1.128760821
1.128760821
1.128760821
1.128760821
1.128760821
1.128760821
1.128760821
1.128760821
1.128760821
1.128760821
1.128760821
1.128760821
1.128760821
1.128760821
1.128941921
1.128941921
1.128941921
1.128941921
1.128941921
1.128941921
1.128941921
1.128941921
1.128941921
1.128941921
1.128941921
1.128941921
1.128941921
1.128941921
1.128941921
1.128941921
1.128941921
1.128941921
1.128941921
1.128941921
1.128941921
1.128941921
1.128941921
1.128941921
1.128941921
1.128941921
1.129123021
1.129123021
1.129123021
1.129123021
1.129123021
1.129123021
1.129123021
1.129123021
1.129123021
1.129123021
1.129123021
1.129123021
1.129123021
1.129123021
1.129123021
1.129123021
1.129123021
1.129123021
1.129123021
1.129123021
1.129123021
1.129123021
1.129123021
1.129123021
1.129123021
1.133719134
1.133719134
1.133719134
1.133719134
1.133719134
1.133719134
1.133719134
1.133719134
1.133719134
1.133719134
1.133719134
1.133719134
1.133719134
1.133719134
1.133719134
1.133719134
1.133719134
1.133719134
1.133719134
1.133719134
1.133719134
1.133719134
1.133719134
1.133719134
1.133719134
1.133900234
1.133900234
1.133900234
1.133900234
1.133900234
1.133900234
1.133900234
1.133900234
1.133900234
1.133900234
1.133900234
1.133900234
1.133900234
1.133900234
1.133900234
1.133900234
1.133900234
1.133900234
1.133900234
1.133900234
1.133900234
1.133900234
1.133900234
1.133900234
1.133900234
1.133900234
1.134081334
1.134081334
1.134081334
1.134081334
1.134081334
1.134081334
1.134081334
1.134081334
1.134081334
1.134081334
1.134081334
1.134081334
1.134081334
1.134081334
1.134081334
1.134081334
1.134081334
1.134081334
1.134081334
1.134081334
1.134081334
1.134081334
1.134081334
1.134081334
1.134081334
1.134262434
1.134262434
1.134262434
1.134262434
1.134262434
1.134262434
1.134262434
1.134262434
1.134262434
1.134262434
1.134262434
1.134262434
1.134262434
1.134262434
1.134262434
1.134262434
1.134262434
1.134262434
1.134262434
1.134262434
1.134262434
1.134262434
1.134262434
1.134262434
1.134262434
1.138901203
1.138901203
1.138901203
1.138901203
1.138901203
1.138901203
1.138901203
1.138901203
1.138901203
1.138901203
1.138901203
1.138901203
1.138901203
1.138901203
1.138901203
1.138901203
1.138901203
1.138901203
1.138901203
1.138901203
1.138901203
1.138901203
1.138901203
1.138901203
1.138901203
1.138901203
1.139082303
1.139082303
1.139082303
1.139082303
1.139082303
1.139082303
1.139082303
1.139082303
1.139082303
1.139082303
1.139082303
1.139082303
1.139082303
1.139082303
1.139082303
1.139082303
1.139082303
1.139082303
1.139082303
1.139082303
1.139082303
1.139082303
1.139082303
1.139082303
1.139082303
1.139263403
1.139263403
1.139263403
1.139263403
1.139263403
1.139263403
1.139263403
1.139263403
1.139263403
1.139263403
1.139263403
1.139263403
1.139263403
1.139263403
1.139263403
1.139263403
1.139263403
1.139263403
1.139263403
1.139263403
1.139263403
1.139263403
1.139263403
1.139263403
1.139263403
1.139263403
1.139444503
1.139444503
1.139444503
1.139444503
1.139444503
1.139444503
1.139444503
1.139444503
1.139444503
1.139444503
1.139444503
1.139444503
1.139444503
1.139444503
1.139444503
1.139444503
1.139444503
1.139444503
1.139444503
1.139444503
1.139444503
1.139444503
1.139444503
1.139444503
1.139444503
1.143355537
1.143355537
1.143355537
1.143355537
1.143355537
1.143355537
1.143355537
1.143355537
1.143355537
1.143355537
1.143355537
1.143355537
1.143355537
1.143355537
1.143355537
1.143355537
1.143355537
1.143355537
1.143355537
1.143355537
1.143355537
1.143355537
1.143355537
1.143355537
1.143355537
1.143536637
1.143536637
1.143536637
1.143536637
1.143536637
1.143536637
1.143536637
1.143536637
1.143536637
1.143536637
1.143536637
1.143536637
1.143536637
1.143536637
1.143536637
1.143536637
1.143536637
1.143536637
1.143536637
1.143536637
1.143536637
1.143536637
1.143536637
1.143536637
1.143536637
1.143536637
1.143717737
1.143717737
1.143717737
1.143717737
1.143717737
1.143717737
1.143717737
1.143717737
1.143717737
1.143717737
1.143717737
1.143717737
1.143717737
1.143717737
1.143717737
1.143717737
1.143717737
1.143717737
1.143717737
1.143717737
1.143717737
1.143717737
1.143717737
1.143717737
1.143717737
1.143898837
1.143898837
1.143898837
1.143898837
1.143898837
1.143898837
1.143898837
1.143898837
1.143898837
1.143898837
1.143898837
1.143898837
1.143898837
1.143898837
1.143898837
1.143898837
1.143898837
1.143898837
1.143898837
1.143898837
1.143898837
1.143898837
1.143898837
1.143898837
1.143898837
1.143898837
1.148621036
1.148621036
1.148621036
1.148621036
1.148621036
1.148621036
1.148621036
1.148621036
1.148621036
1.148621036
1.148621036
1.148621036
1.148621036
1.148621036
1.148621036
1.148621036
1.148621036
1.148621036
1.148621036
1.148621036
1.148621036
1.148621036
1.148621036
1.148621036
1.148621036
1.148802136
1.148802136
1.148802136
1.148802136
1.148802136
1.148802136
1.148802136
1.148802136
1.148802136
1.148802136
1.148802136
1.148802136
1.148802136
1.148802136
1.148802136
1.148802136
1.148802136
1.148802136
1.148802136
1.148802136
1.148802136
1.148802136
1.148802136
1.148802136
1.148802136
1.148983236
1.148983236
1.148983236
1.148983236
1.148983236
1.148983236
1.148983236
1.148983236
1.148983236
1.148983236
1.148983236
1.148983236
1.148983236
1.148983236
1.148983236
1.148983236
1.148983236
1.148983236
1.148983236
1.148983236
1.148983236
1.148983236
1.148983236
1.148983236
1.148983236
1.148983236
1.149164336
1.149164336
1.149164336
1.149164336
1.149164336
1.149164336
1.149164336
1.149164336
1.149164336
1.149164336
1.149164336
1.149164336
1.149164336
1.149164336
1.149164336
1.149164336
1.149164336
1.149164336
1.149164336
1.149164336
1.149164336
1.149164336
1.149164336
1.149164336
1.149164336
1.153324805
1.153324805
1.153324805
1.153324805
1.153324805
1.153324805
1.153324805
1.153324805
1.153324805
1.153324805
1.153324805
1.153324805
1.153324805
1.153324805
1.153324805
1.153324805
1.153324805
1.153324805
1.153324805
1.153324805
1.153324805
1.153324805
1.153324805
1.153324805
1.153324805
1.153505905
1.153505905
1.153505905
1.153505905
1.153505905
1.153505905
1.153505905
1.153505905
1.153505905
1.153505905
1.153505905
1.153505905
1.153505905
1.153505905
1.153505905
1.153505905
1.153505905
1.153505905
1.153505905
1.153505905
1.153505905
1.153505905
1.153505905
1.153505905
1.153505905
1.153505905
1.153687005
1.153687005
1.153687005
1.153687005
1.153687005
1.153687005
1.153687005
1.153687005
1.153687005
1.153687005
1.153687005
1.153687005
1.153687005
1.153687005
1.153687005
1.153687005
1.153687005
1.153687005
1.153687005
1.153687005
1.153687005
1.153687005
1.153687005
1.153687005
1.153687005
1.153868105
1.153868105
1.153868105
1.153868105
1.153868105
1.153868105
1.153868105
1.153868105
1.153868105
1.153868105
1.153868105
1.153868105
1.153868105
1.153868105
1.153868105
1.153868105
1.153868105
1.153868105
1.153868105
1.153868105
1.153868105
1.153868105
1.153868105
1.153868105
1.153868105
1.153868105
1.158498193
1.158498193
1.158498193
1.158498193
1.158498193
1.158498193
1.158498193
1.158498193
1.158498193
1.158498193
1.158498193
1.158498193
1.158498193
1.158498193
1.158498193
1.158498193
1.158498193
1.158498193
1.158498193
1.158498193
1.158498193
1.158498193
1.158498193
1.158498193
1.158498193
1.158679293
1.158679293
1.158679293
1.158679293
1.158679293
1.158679293
1.158679293
1.158679293
1.158679293
1.158679293
1.158679293
1.158679293
1.158679293
1.158679293
1.158679293
1.158679293
1.158679293
1.158679293
1.158679293
1.158679293
1.158679293
1.158679293
1.158679293
1.158679293
1.158679293
1.158860393
1.158860393
1.158860393
1.158860393
1.158860393
1.158860393
1.158860393
1.158860393
1.158860393
1.158860393
1.158860393
1.158860393
1.158860393
1.158860393
1.158860393
1.158860393
1.158860393
1.158860393
1.158860393
1.158860393
1.158860393
1.158860393
1.158860393
1.158860393
1.158860393
1.158860393
1.159041493
1.159041493
1.159041493
1.159041493
1.159041493
1.159041493
1.159041493
1.159041493
1.159041493
1.159041493
1.159041493
1.159041493
1.159041493
1.159041493
1.159041493
1.159041493
1.159041493
1.159041493
1.159041493
1.159041493
1.159041493
1.159041493
1.159041493
1.159041493
1.159041493
1.163895339
1.163895339
1.163895339
1.163895339
1.163895339
1.163895339
1.163895339
1.163895339
1.163895339
1.163895339
1.163895339
1.163895339
1.163895339
1.163895339
1.163895339
1.163895339
1.163895339
1.163895339
1.163895339
1.163895339
1.163895339
1.163895339
1.163895339
1.163895339
1.163895339
1.163895339
1.164076439
1.164076439
1.164076439
1.164076439
1.164076439
1.164076439
1.164076439
1.164076439
1.164076439
1.164076439
1.164076439
1.164076439
1.164076439
1.164076439
1.164076439
1.164076439
1.164076439
1.164076439
1.164076439
1.164076439
1.164076439
1.164076439
1.164076439
1.164076439
1.164076439
1.164257539
1.164257539
1.164257539
1.164257539
1.164257539
1.164257539
1.164257539
1.164257539
1.164257539
1.164257539
1.164257539
1.164257539
1.164257539
1.164257539
1.164257539
1.164257539
1.164257539
1.164257539
1.164257539
1.164257539
1.164257539
1.164257539
1.164257539
1.164257539
1.164257539
1.164438639
1.164438639
1.164438639
1.164438639
1.164438639
1.164438639
1.164438639
1.164438639
1.164438639
1.164438639
1.164438639
1.164438639
1.164438639
1.164438639
1.164438639
1.164438639
1.164438639
1.164438639
1.164438639
1.164438639
1.164438639
1.164438639
1.164438639
1.164438639
1.164438639
1.164438639
1.16933898
1.16933898
1.16933898
1.16933898
1.16933898
1.16933898
1.16933898
1.16933898
1.16933898
1.16933898
1.16933898
1.16933898
1.16933898
1.16933898
1.16933898
1.16933898
1.16933898
1.16933898
1.16933898
1.16933898
1.16933898
1.16933898
1.16933898
1.16933898
1.16933898
1.16952008
1.16952008
1.16952008
1.16952008
1.16952008
1.16952008
1.16952008
1.16952008
1.16952008
1.16952008
1.16952008
1.16952008
1.16952008
1.16952008
1.16952008
1.16952008
1.16952008
1.16952008
1.16952008
1.16952008
1.16952008
1.16952008
1.16952008
1.16952008
1.16952008
1.16970118
1.16970118
1.16970118
1.16970118
1.16970118
1.16970118
1.16970118
1.16970118
1.16970118
1.16970118
1.16970118
1.16970118
1.16970118
1.16970118
1.16970118
1.16970118
1.16970118
1.16970118
1.16970118
1.16970118
1.16970118
1.16970118
1.16970118
1.16970118
1.16970118
1.16970118
1.16988228
1.16988228
1.16988228
1.16988228
1.16988228
1.16988228
1.16988228
1.16988228
1.16988228
1.16988228
1.16988228
1.16988228
1.16988228
1.16988228
1.16988228
1.16988228
1.16988228
1.16988228
1.16988228
1.16988228
1.16988228
1.16988228
1.16988228
1.16988228
1.16988228