1
1
1
1
1
1
1
1
1
1
1
1
1
1
1
1
1
1
1
1
1
1
1
1
1
1
0.99961268
0.99961268
0.99961268
0.99961268
0.99961268
0.99961268
0.99961268
0.99961268
0.99961268
0.99961268
0.99961268
0.99961268
0.99961268
0.99961268
0.99961268
0.99961268
0.99961268
0.99961268
0.99961268
0.99961268
0.99961268
0.99961268
0.99961268
0.99961268
0.99961268
0.9997865422
0.9997865422
0.9997865422
0.9997865422
0.9997865422
0.9997865422
0.9997865422
0.9997865422
0.9997865422
0.9997865422
0.9997865422
0.9997865422
0.9997865422
0.9997865422
0.9997865422
0.9997865422
0.9997865422
0.9997865422
0.9997865422
0.9997865422
0.9997865422
0.9997865422
0.9997865422
0.9997865422
0.9997865422
0.9997865422
0.9999604043
0.9999604043
0.9999604043
0.9999604043
0.9999604043
0.9999604043
0.9999604043
0.9999604043
0.9999604043
0.9999604043
0.9999604043
0.9999604043
0.9999604043
0.9999604043
0.9999604043
0.9999604043
0.9999604043
0.9999604043
0.9999604043
0.9999604043
0.9999604043
0.9999604043
0.9999604043
0.9999604043
0.9999604043
1.000134266
1.000134266
1.000134266
1.000134266
1.000134266
1.000134266
1.000134266
1.000134266
1.000134266
1.000134266
1.000134266
1.000134266
1.000134266
1.000134266
1.000134266
1.000134266
1.000134266
1.000134266
1.000134266
1.000134266
1.000134266
1.000134266
1.000134266
1.000134266
1.000134266
1.010382589
1.010382589
1.010382589
1.010382589
1.010382589
1.010382589
1.010382589
1.010382589
1.010382589
1.010382589
1.010382589
1.010382589
1.010382589
1.010382589
1.010382589
1.010382589
1.010382589
1.010382589
1.010382589
1.010382589
1.010382589
1.010382589
1.010382589
1.010382589
1.010382589
1.010382589
1.01055725
1.01055725
1.01055725
1.01055725
1.01055725
1.01055725
1.01055725
1.01055725
1.01055725
1.01055725
1.01055725
1.01055725
1.01055725
1.01055725
1.01055725
1.01055725
1.01055725
1.01055725
1.01055725
1.01055725
1.01055725
1.01055725
1.01055725
1.01055725
1.01055725
1.010731911
1.010731911
1.010731911
1.010731911
1.010731911
1.010731911
1.010731911
1.010731911
1.010731911
1.010731911
1.010731911
1.010731911
1.010731911
1.010731911
1.010731911
1.010731911
1.010731911
1.010731911
1.010731911
1.010731911
1.010731911
1.010731911
1.010731911
1.010731911
1.010731911
1.010731911
1.010906572
1.010906572
1.010906572
1.010906572
1.010906572
1.010906572
1.010906572
1.010906572
1.010906572
1.010906572
1.010906572
1.010906572
1.010906572
1.010906572
1.010906572
1.010906572
1.010906572
1.010906572
1.010906572
1.010906572
1.010906572
1.010906572
1.010906572
1.010906572
1.010906572
1.010662838
1.010662838
1.010662838
1.010662838
1.010662838
1.010662838
1.010662838
1.010662838
1.010662838
1.010662838
1.010662838
1.010662838
1.010662838
1.010662838
1.010662838
1.010662838
1.010662838
1.010662838
1.010662838
1.010662838
1.010662838
1.010662838
1.010662838
1.010662838
1.010662838
1.010837447
1.010837447
1.010837447
1.010837447
1.010837447
1.010837447
1.010837447
1.010837447
1.010837447
1.010837447
1.010837447
1.010837447
1.010837447
1.010837447
1.010837447
1.010837447
1.010837447
1.010837447
1.010837447
1.010837447
1.010837447
1.010837447
1.010837447
1.010837447
1.010837447
1.010837447
1.011012056
1.011012056
1.011012056
1.011012056
1.011012056
1.011012056
1.011012056
1.011012056
1.011012056
1.011012056
1.011012056
1.011012056
1.011012056
1.011012056
1.011012056
1.011012056
1.011012056
1.011012056
1.011012056
1.011012056
1.011012056
1.011012056
1.011012056
1.011012056
1.011012056
1.011186665
1.011186665
1.011186665
1.011186665
1.011186665
1.011186665
1.011186665
1.011186665
1.011186665
1.011186665
1.011186665
1.011186665
1.011186665
1.011186665
1.011186665
1.011186665
1.011186665
1.011186665
1.011186665
1.011186665
1.011186665
1.011186665
1.011186665
1.011186665
1.011186665
1.008314072
1.008314072
1.008314072
1.008314072
1.008314072
1.008314072
1.008314072
1.008314072
1.008314072
1.008314072
1.008314072
1.008314072
1.008314072
1.008314072
1.008314072
1.008314072
1.008314072
1.008314072
1.008314072
1.008314072
1.008314072
1.008314072
1.008314072
1.008314072
1.008314072
1.008314072
1.008488706
1.008488706
1.008488706
1.008488706
1.008488706
1.008488706
1.008488706
1.008488706
1.008488706
1.008488706
1.008488706
1.008488706
1.008488706
1.008488706
1.008488706
1.008488706
1.008488706
1.008488706
1.008488706
1.008488706
1.008488706
1.008488706
1.008488706
1.008488706
1.008488706
1.008663341
1.008663341
1.008663341
1.008663341
1.008663341
1.008663341
1.008663341
1.008663341
1.008663341
1.008663341
1.008663341
1.008663341
1.008663341
1.008663341
1.008663341
1.008663341
1.008663341
1.008663341
1.008663341
1.008663341
1.008663341
1.008663341
1.008663341
1.008663341
1.008663341
1.008663341
1.008837976
1.008837976
1.008837976
1.008837976
1.008837976
1.008837976
1.008837976
1.008837976
1.008837976
1.008837976
1.008837976
1.008837976
1.008837976
1.008837976
1.008837976
1.008837976
1.008837976
1.008837976
1.008837976
1.008837976
1.008837976
1.008837976
1.008837976
1.008837976
1.008837976
1.01198683
1.01198683
1.01198683
1.01198683
1.01198683
1.01198683
1.01198683
1.01198683
1.01198683
1.01198683
1.01198683
1.01198683
1.01198683
1.01198683
1.01198683
1.01198683
1.01198683
1.01198683
1.01198683
1.01198683
1.01198683
1.01198683
1.01198683
1.01198683
1.01198683
1.012161488
1.012161488
1.012161488
1.012161488
1.012161488
1.012161488
1.012161488
1.012161488
1.012161488
1.012161488
1.012161488
1.012161488
1.012161488
1.012161488
1.012161488
1.012161488
1.012161488
1.012161488
1.012161488
1.012161488
1.012161488
1.012161488
1.012161488
1.012161488
1.012161488
1.012161488
1.012336146
1.012336146
1.012336146
1.012336146
1.012336146
1.012336146
1.012336146
1.012336146
1.012336146
1.012336146
1.012336146
1.012336146
1.012336146
1.012336146
1.012336146
1.012336146
1.012336146
1.012336146
1.012336146
1.012336146
1.012336146
1.012336146
1.012336146
1.012336146
1.012336146
1.012510804
1.012510804
1.012510804
1.012510804
1.012510804
1.012510804
1.012510804
1.012510804
1.012510804
1.012510804
1.012510804
1.012510804
1.012510804
1.012510804
1.012510804
1.012510804
1.012510804
1.012510804
1.012510804
1.012510804
1.012510804
1.012510804
1.012510804
1.012510804
1.012510804
1.012510804
1.015861249
1.015861249
1.015861249
1.015861249
1.015861249
1.015861249
1.015861249
1.015861249
1.015861249
1.015861249
1.015861249
1.015861249
1.015861249
1.015861249
1.015861249
1.015861249
1.015861249
1.015861249
1.015861249
1.015861249
1.015861249
1.015861249
1.015861249
1.015861249
1.015861249
1.016035922
1.016035922
1.016035922
1.016035922
1.016035922
1.016035922
1.016035922
1.016035922
1.016035922
1.016035922
1.016035922
1.016035922
1.016035922
1.016035922
1.016035922
1.016035922
1.016035922
1.016035922
1.016035922
1.016035922
1.016035922
1.016035922
1.016035922
1.016035922
1.016035922
1.016210595
1.016210595
1.016210595
1.016210595
1.016210595
1.016210595
1.016210595
1.016210595
1.016210595
1.016210595
1.016210595
1.016210595
1.016210595
1.016210595
1.016210595
1.016210595
1.016210595
1.016210595
1.016210595
1.016210595
1.016210595
1.016210595
1.016210595
1.016210595
1.016210595
1.016210595
1.016385267
1.016385267
1.016385267
1.016385267
1.016385267
1.016385267
1.016385267
1.016385267
1.016385267
1.016385267
1.016385267
1.016385267
1.016385267
1.016385267
1.016385267
1.016385267
1.016385267
1.016385267
1.016385267
1.016385267
1.016385267
1.016385267
1.016385267
1.016385267
1.016385267
1.019717522
1.019717522
1.019717522
1.019717522
1.019717522
1.019717522
1.019717522
1.019717522
1.019717522
1.019717522
1.019717522
1.019717522
1.019717522
1.019717522
1.019717522
1.019717522
1.019717522
1.019717522
1.019717522
1.019717522
1.019717522
1.019717522
1.019717522
1.019717522
1.019717522
1.019892206
1.019892206
1.019892206
1.019892206
1.019892206
1.019892206
1.019892206
1.019892206
1.019892206
1.019892206
1.019892206
1.019892206
1.019892206
1.019892206
1.019892206
1.019892206
1.019892206
1.019892206
1.019892206
1.019892206
1.019892206
1.019892206
1.019892206
1.019892206
1.019892206
1.019892206
1.02006689
1.02006689
1.02006689
1.02006689
1.02006689
1.02006689
1.02006689
1.02006689
1.02006689
1.02006689
1.02006689
1.02006689
1.02006689
1.02006689
1.02006689
1.02006689
1.02006689
1.02006689
1.02006689
1.02006689
1.02006689
1.02006689
1.02006689
1.02006689
1.02006689
1.020241574
1.020241574
1.020241574
1.020241574
1.020241574
1.020241574
1.020241574
1.020241574
1.020241574
1.020241574
1.020241574
1.020241574
1.020241574
1.020241574
1.020241574
1.020241574
1.020241574
1.020241574
1.020241574
1.020241574
1.020241574
1.020241574
1.020241574
1.020241574
1.020241574
1.020241574
1.0232811
1.0232811
1.0232811
1.0232811
1.0232811
1.0232811
1.0232811
1.0232811
1.0232811
1.0232811
1.0232811
1.0232811
1.0232811
1.0232811
1.0232811
1.0232811
1.0232811
1.0232811
1.0232811
1.0232811
1.0232811
1.0232811
1.0232811
1.0232811
1.0232811
1.023455759
1.023455759
1.023455759
1.023455759
1.023455759
1.023455759
1.023455759
1.023455759
1.023455759
1.023455759
1.023455759
1.023455759
1.023455759
1.023455759
1.023455759
1.023455759
1.023455759
1.023455759
1.023455759
1.023455759
1.023455759
1.023455759
1.023455759
1.023455759
1.023455759
1.023630419
1.023630419
1.023630419
1.023630419
1.023630419
1.023630419
1.023630419
1.023630419
1.023630419
1.023630419
1.023630419
1.023630419
1.023630419
1.023630419
1.023630419
1.023630419
1.023630419
1.023630419
1.023630419
1.023630419
1.023630419
1.023630419
1.023630419
1.023630419
1.023630419
1.023630419
1.023805078
1.023805078
1.023805078
1.023805078
1.023805078
1.023805078
1.023805078
1.023805078
1.023805078
1.023805078
1.023805078
1.023805078
1.023805078
1.023805078
1.023805078
1.023805078
1.023805078
1.023805078
1.023805078
1.023805078
1.023805078
1.023805078
1.023805078
1.023805078
1.023805078
1.026148477
1.026148477
1.026148477
1.026148477
1.026148477
1.026148477
1.026148477
1.026148477
1.026148477
1.026148477
1.026148477
1.026148477
1.026148477
1.026148477
1.026148477
1.026148477
1.026148477
1.026148477
1.026148477
1.026148477
1.026148477
1.026148477
1.026148477
1.026148477
1.026148477
1.026148477
1.026323142
1.026323142
1.026323142
1.026323142
1.026323142
1.026323142
1.026323142
1.026323142
1.026323142
1.026323142
1.026323142
1.026323142
1.026323142
1.026323142
1.026323142
1.026323142
1.026323142
1.026323142
1.026323142
1.026323142
1.026323142
1.026323142
1.026323142
1.026323142
1.026323142
1.026497807
1.026497807
1.026497807
1.026497807
1.026497807
1.026497807
1.026497807
1.026497807
1.026497807
1.026497807
1.026497807
1.026497807
1.026497807
1.026497807
1.026497807
1.026497807
1.026497807
1.026497807
1.026497807
1.026497807
1.026497807
1.026497807
1.026497807
1.026497807
1.026497807
1.026672473
1.026672473
1.026672473
1.026672473
1.026672473
1.026672473
1.026672473
1.026672473
1.026672473
1.026672473
1.026672473
1.026672473
1.026672473
1.026672473
1.026672473
1.026672473
1.026672473
1.026672473
1.026672473
1.026672473
1.026672473
1.026672473
1.026672473
1.026672473
1.026672473
1.026672473
1.029726757
1.029726757
1.029726757
1.029726757
1.029726757
1.029726757
1.029726757
1.029726757
1.029726757
1.029726757
1.029726757
1.029726757
1.029726757
1.029726757
1.029726757
1.029726757
1.029726757
1.029726757
1.029726757
1.029726757
1.029726757
1.029726757
1.029726757
1.029726757
1.029726757
1.029901395
1.029901395
1.029901395
1.029901395
1.029901395
1.029901395
1.029901395
1.029901395
1.029901395
1.029901395
1.029901395
1.029901395
1.029901395
1.029901395
1.029901395
1.029901395
1.029901395
1.029901395
1.029901395
1.029901395
1.029901395
1.029901395
1.029901395
1.029901395
1.029901395
1.030076032
1.030076032
1.030076032
1.030076032
1.030076032
1.030076032
1.030076032
1.030076032
1.030076032
1.030076032
1.030076032
1.030076032
1.030076032
1.030076032
1.030076032
1.030076032
1.030076032
1.030076032
1.030076032
1.030076032
1.030076032
1.030076032
1.030076032
1.030076032
1.030076032
1.030076032
1.03025067
1.03025067
1.03025067
1.03025067
1.03025067
1.03025067
1.03025067
1.03025067
1.03025067
1.03025067
1.03025067
1.03025067
1.03025067
1.03025067
1.03025067
1.03025067
1.03025067
1.03025067
1.03025067
1.03025067
1.03025067
1.03025067
1.03025067
1.03025067
1.03025067
1.033148977
1.033148977
1.033148977
1.033148977
1.033148977
1.033148977
1.033148977
1.033148977
1.033148977
1.033148977
1.033148977
1.033148977
1.033148977
1.033148977
1.033148977
1.033148977
1.033148977
1.033148977
1.033148977
1.033148977
1.033148977
1.033148977
1.033148977
1.033148977
1.033148977
1.033148977
1.033323589
1.033323589
1.033323589
1.033323589
1.033323589
1.033323589
1.033323589
1.033323589
1.033323589
1.033323589
1.033323589
1.033323589
1.033323589
1.033323589
1.033323589
1.033323589
1.033323589
1.033323589
1.033323589
1.033323589
1.033323589
1.033323589
1.033323589
1.033323589
1.033323589
1.0334982
1.0334982
1.0334982
1.0334982
1.0334982
1.0334982
1.0334982
1.0334982
1.0334982
1.0334982
1.0334982
1.0334982
1.0334982
1.0334982
1.0334982
1.0334982
1.0334982
1.0334982
1.0334982
1.0334982
1.0334982
1.0334982
1.0334982
1.0334982
1.0334982
1.033672811
1.033672811
1.033672811
1.033672811
1.033672811
1.033672811
1.033672811
1.033672811
1.033672811
1.033672811
1.033672811
1.033672811
1.033672811
1.033672811
1.033672811
1.033672811
1.033672811
1.033672811
1.033672811
1.033672811
1.033672811
1.033672811
1.033672811
1.033672811
1.033672811
1.033672811
1.036807926
1.036807926
1.036807926
1.036807926
1.036807926
1.036807926
1.036807926
1.036807926
1.036807926
1.036807926
1.036807926
1.036807926
1.036807926
1.036807926
1.036807926
1.036807926
1.036807926
1.036807926
1.036807926
1.036807926
1.036807926
1.036807926
1.036807926
1.036807926
1.036807926
1.036982511
1.036982511
1.036982511
1.036982511
1.036982511
1.036982511
1.036982511
1.036982511
1.036982511
1.036982511
1.036982511
1.036982511
1.036982511
1.036982511
1.036982511
1.036982511
1.036982511
1.036982511
1.036982511
1.036982511
1.036982511
1.036982511
1.036982511
1.036982511
1.036982511
1.036982511
1.037157096
1.037157096
1.037157096
1.037157096
1.037157096
1.037157096
1.037157096
1.037157096
1.037157096
1.037157096
1.037157096
1.037157096
1.037157096
1.037157096
1.037157096
1.037157096
1.037157096
1.037157096
1.037157096
1.037157096
1.037157096
1.037157096
1.037157096
1.037157096
1.037157096
1.037331681
1.037331681
1.037331681
1.037331681
1.037331681
1.037331681
1.037331681
1.037331681
1.037331681
1.037331681
1.037331681
1.037331681
1.037331681
1.037331681
1.037331681
1.037331681
1.037331681
1.037331681
1.037331681
1.037331681
1.037331681
1.037331681
1.037331681
1.037331681
1.037331681
1.041111188
1.041111188
1.041111188
1.041111188
1.041111188
1.041111188
1.041111188
1.041111188
1.041111188
1.041111188
1.041111188
1.041111188
1.041111188
1.041111188
1.041111188
1.041111188
1.041111188
1.041111188
1.041111188
1.041111188
1.041111188
1.041111188
1.041111188
1.041111188
1.041111188
1.041111188
1.041285773
1.041285773
1.041285773
1.041285773
1.041285773
1.041285773
1.041285773
1.041285773
1.041285773
1.041285773
1.041285773
1.041285773
1.041285773
1.041285773
1.041285773
1.041285773
1.041285773
1.041285773
1.041285773
1.041285773
1.041285773
1.041285773
1.041285773
1.041285773
1.041285773
1.041460358
1.041460358
1.041460358
1.041460358
1.041460358
1.041460358
1.041460358
1.041460358
1.041460358
1.041460358
1.041460358
1.041460358
1.041460358
1.041460358
1.041460358
1.041460358
1.041460358
1.041460358
1.041460358
1.041460358
1.041460358
1.041460358
1.041460358
1.041460358
1.041460358
1.041634943
1.041634943
1.041634943
1.041634943
1.041634943
1.041634943
1.041634943
1.041634943
1.041634943
1.041634943
1.041634943
1.041634943
1.041634943
1.041634943
1.041634943
1.041634943
1.041634943
1.041634943
1.041634943
1.041634943
1.041634943
1.041634943
1.041634943
1.041634943
1.041634943
1.041634943
1.045052041
1.045052041
1.045052041
1.045052041
1.045052041
1.045052041
1.045052041
1.045052041
1.045052041
1.045052041
1.045052041
1.045052041
1.045052041
1.045052041
1.045052041
1.045052041
1.045052041
1.045052041
1.045052041
1.045052041
1.045052041
1.045052041
1.045052041
1.045052041
1.045052041
1.045226593
1.045226593
1.045226593
1.045226593
1.045226593
1.045226593
1.045226593
1.045226593
1.045226593
1.045226593
1.045226593
1.045226593
1.045226593
1.045226593
1.045226593
1.045226593
1.045226593
1.045226593
1.045226593
1.045226593
1.045226593
1.045226593
1.045226593
1.045226593
1.045226593
1.045226593
1.045401145
1.045401145
1.045401145
1.045401145
1.045401145
1.045401145
1.045401145
1.045401145
1.045401145
1.045401145
1.045401145
1.045401145
1.045401145
1.045401145
1.045401145
1.045401145
1.045401145
1.045401145
1.045401145
1.045401145
1.045401145
1.045401145
1.045401145
1.045401145
1.045401145
1.045575697
1.045575697
1.045575697
1.045575697
1.045575697
1.045575697
1.045575697
1.045575697
1.045575697
1.045575697
1.045575697
1.045575697
1.045575697
1.045575697
1.045575697
1.045575697
1.045575697
1.045575697
1.045575697
1.045575697
1.045575697
1.045575697
1.045575697
1.045575697
1.045575697
1.048889497
1.048889497
1.048889497
1.048889497
1.048889497
1.048889497
1.048889497
1.048889497
1.048889497
1.048889497
1.048889497
1.048889497
1.048889497
1.048889497
1.048889497
1.048889497
1.048889497
1.048889497
1.048889497
1.048889497
1.048889497
1.048889497
1.048889497
1.048889497
1.048889497
1.048889497
1.04906401
1.04906401
1.04906401
1.04906401
1.04906401
1.04906401
1.04906401
1.04906401
1.04906401
1.04906401
1.04906401
1.04906401
1.04906401
1.04906401
1.04906401
1.04906401
1.04906401
1.04906401
1.04906401
1.04906401
1.04906401
1.04906401
1.04906401
1.04906401
1.04906401
1.049238523
1.049238523
1.049238523
1.049238523
1.049238523
1.049238523
1.049238523
1.049238523
1.049238523
1.049238523
1.049238523
1.049238523
1.049238523
1.049238523
1.049238523
1.049238523
1.049238523
1.049238523
1.049238523
1.049238523
1.049238523
1.049238523
1.049238523
1.049238523
1.049238523
1.049238523
1.049413036
1.049413036
1.049413036
1.049413036
1.049413036
1.049413036
1.049413036
1.049413036
1.049413036
1.049413036
1.049413036
1.049413036
1.049413036
1.049413036
1.049413036
1.049413036
1.049413036
1.049413036
1.049413036
1.049413036
1.049413036
1.049413036
1.049413036
1.049413036
1.049413036
1.052318785
1.052318785
1.052318785
1.052318785
1.052318785
1.052318785
1.052318785
1.052318785
1.052318785
1.052318785
1.052318785
1.052318785
1.052318785
1.052318785
1.052318785
1.052318785
1.052318785
1.052318785
1.052318785
1.052318785
1.052318785
1.052318785
1.052318785
1.052318785
1.052318785
1.052493229
1.052493229
1.052493229
1.052493229
1.052493229
1.052493229
1.052493229
1.052493229
1.052493229
1.052493229
1.052493229
1.052493229
1.052493229
1.052493229
1.052493229
1.052493229
1.052493229
1.052493229
1.052493229
1.052493229
1.052493229
1.052493229
1.052493229
1.052493229
1.052493229
1.052493229
1.052667672
1.052667672
1.052667672
1.052667672
1.052667672
1.052667672
1.052667672
1.052667672
1.052667672
1.052667672
1.052667672
1.052667672
1.052667672
1.052667672
1.052667672
1.052667672
1.052667672
1.052667672
1.052667672
1.052667672
1.052667672
1.052667672
1.052667672
1.052667672
1.052667672
1.052842116
1.052842116
1.052842116
1.052842116
1.052842116
1.052842116
1.052842116
1.052842116
1.052842116
1.052842116
1.052842116
1.052842116
1.052842116
1.052842116
1.052842116
1.052842116
1.052842116
1.052842116
1.052842116
1.052842116
1.052842116
1.052842116
1.052842116
1.052842116
1.052842116
1.056436348
1.056436348
1.056436348
1.056436348
1.056436348
1.056436348
1.056436348
1.056436348
1.056436348
1.056436348
1.056436348
1.056436348
1.056436348
1.056436348
1.056436348
1.056436348
1.056436348
1.056436348
1.056436348
1.056436348
1.056436348
1.056436348
1.056436348
1.056436348
1.056436348
1.056436348
1.056610767
1.056610767
1.056610767
1.056610767
1.056610767
1.056610767
1.056610767
1.056610767
1.056610767
1.056610767
1.056610767
1.056610767
1.056610767
1.056610767
1.056610767
1.056610767
1.056610767
1.056610767
1.056610767
1.056610767
1.056610767
1.056610767
1.056610767
1.056610767
1.056610767
1.056785185
1.056785185
1.056785185
1.056785185
1.056785185
1.056785185
1.056785185
1.056785185
1.056785185
1.056785185
1.056785185
1.056785185
1.056785185
1.056785185
1.056785185
1.056785185
1.056785185
1.056785185
1.056785185
1.056785185
1.056785185
1.056785185
1.056785185
1.056785185
1.056785185
1.056785185
1.056959603
1.056959603
1.056959603
1.056959603
1.056959603
1.056959603
1.056959603
1.056959603
1.056959603
1.056959603
1.056959603
1.056959603
1.056959603
1.056959603
1.056959603
1.056959603
1.056959603
1.056959603
1.056959603
1.056959603
1.056959603
1.056959603
1.056959603
1.056959603
1.056959603
1.060832043
1.060832043
1.060832043
1.060832043
1.060832043
1.060832043
1.060832043
1.060832043
1.060832043
1.060832043
1.060832043
1.060832043
1.060832043
1.060832043
1.060832043
1.060832043
1.060832043
1.060832043
1.060832043
1.060832043
1.060832043
1.060832043
1.060832043
1.060832043
1.060832043
1.061006457
1.061006457
1.061006457
1.061006457
1.061006457
1.061006457
1.061006457
1.061006457
1.061006457
1.061006457
1.061006457
1.061006457
1.061006457
1.061006457
1.061006457
1.061006457
1.061006457
1.061006457
1.061006457
1.061006457
1.061006457
1.061006457
1.061006457
1.061006457
1.061006457
1.061006457
1.061180871
1.061180871
1.061180871
1.061180871
1.061180871
1.061180871
1.061180871
1.061180871
1.061180871
1.061180871
1.061180871
1.061180871
1.061180871
1.061180871
1.061180871
1.061180871
1.061180871
1.061180871
1.061180871
1.061180871
1.061180871
1.061180871
1.061180871
1.061180871
1.061180871
1.061355284
1.061355284
1.061355284
1.061355284
1.061355284
1.061355284
1.061355284
1.061355284
1.061355284
1.061355284
1.061355284
1.061355284
1.061355284
1.061355284
1.061355284
1.061355284
1.061355284
1.061355284
1.061355284
1.061355284
1.061355284
1.061355284
1.061355284
1.061355284
1.061355284
1.061355284
1.065314909
1.065314909
1.065314909
1.065314909
1.065314909
1.065314909
1.065314909
1.065314909
1.065314909
1.065314909
1.065314909
1.065314909
1.065314909
1.065314909
1.065314909
1.065314909
1.065314909
1.065314909
1.065314909
1.065314909
1.065314909
1.065314909
1.065314909
1.065314909
1.065314909
1.065489323
1.065489323
1.065489323
1.065489323
1.065489323
1.065489323
1.065489323
1.065489323
1.065489323
1.065489323
1.065489323
1.065489323
1.065489323
1.065489323
1.065489323
1.065489323
1.065489323
1.065489323
1.065489323
1.065489323
1.065489323
1.065489323
1.065489323
1.065489323
1.065489323
1.065663737
1.065663737
1.065663737
1.065663737
1.065663737
1.065663737
1.065663737
1.065663737
1.065663737
1.065663737
1.065663737
1.065663737
1.065663737
1.065663737
1.065663737
1.065663737
1.065663737
1.065663737
1.065663737
1.065663737
1.065663737
1.065663737
1.065663737
1.065663737
1.065663737
1.065663737
1.06583815
1.06583815
1.06583815
1.06583815
1.06583815
1.06583815
1.06583815
1.06583815
1.06583815
1.06583815
1.06583815
1.06583815
1.06583815
1.06583815
1.06583815
1.06583815
1.06583815
1.06583815
1.06583815
1.06583815
1.06583815
1.06583815
1.06583815
1.06583815
1.06583815
1.065329289
1.065329289
1.065329289
1.065329289
1.065329289
1.065329289
1.065329289
1.065329289
1.065329289
1.065329289
1.065329289
1.065329289
1.065329289
1.065329289
1.065329289
1.065329289
1.065329289
1.065329289
1.065329289
1.065329289
1.065329289
1.065329289
1.065329289
1.065329289
1.065329289
1.065503658
1.065503658
1.065503658
1.065503658
1.065503658
1.065503658
1.065503658
1.065503658
1.065503658
1.065503658
1.065503658
1.065503658
1.065503658
1.065503658
1.065503658
1.065503658
1.065503658
1.065503658
1.065503658
1.065503658
1.065503658
1.065503658
1.065503658
1.065503658
1.065503658
1.065503658
1.065678026
1.065678026
1.065678026
1.065678026
1.065678026
1.065678026
1.065678026
1.065678026
1.065678026
1.065678026
1.065678026
1.065678026
1.065678026
1.065678026
1.065678026
1.065678026
1.065678026
1.065678026
1.065678026
1.065678026
1.065678026
1.065678026
1.065678026
1.065678026
1.065678026
1.065852395
1.065852395
1.065852395
1.065852395
1.065852395
1.065852395
1.065852395
1.065852395
1.065852395
1.065852395
1.065852395
1.065852395
1.065852395
1.065852395
1.065852395
1.065852395
1.065852395
1.065852395
1.065852395
1.065852395
1.065852395
1.065852395
1.065852395
1.065852395
1.065852395
1.065852395
1.065402336
1.065402336
1.065402336
1.065402336
1.065402336
1.065402336
1.065402336
1.065402336
1.065402336
1.065402336
1.065402336
1.065402336
1.065402336
1.065402336
1.065402336
1.065402336
1.065402336
1.065402336
1.065402336
1.065402336
1.065402336
1.065402336
1.065402336
1.065402336
1.065402336
1.065576647
1.065576647
1.065576647
1.065576647
1.065576647
1.065576647
1.065576647
1.065576647
1.065576647
1.065576647
1.065576647
1.065576647
1.065576647
1.065576647
1.065576647
1.065576647
1.065576647
1.065576647
1.065576647
1.065576647
1.065576647
1.065576647
1.065576647
1.065576647
1.065576647
1.065750959
1.065750959
1.065750959
1.065750959
1.065750959
1.065750959
1.065750959
1.065750959
1.065750959
1.065750959
1.065750959
1.065750959
1.065750959
1.065750959
1.065750959
1.065750959
1.065750959
1.065750959
1.065750959
1.065750959
1.065750959
1.065750959
1.065750959
1.065750959
1.065750959
1.065750959
1.06592527
1.06592527
1.06592527
1.06592527
1.06592527
1.06592527
1.06592527
1.06592527
1.06592527
1.06592527
1.06592527
1.06592527
1.06592527
1.06592527
1.06592527
1.06592527
1.06592527
1.06592527
1.06592527
1.06592527
1.06592527
1.06592527
1.06592527
1.06592527
1.06592527
1.063164987
1.063164987
1.063164987
1.063164987
1.063164987
1.063164987
1.063164987
1.063164987
1.063164987
1.063164987
1.063164987
1.063164987
1.063164987
1.063164987
1.063164987
1.063164987
1.063164987
1.063164987
1.063164987
1.063164987
1.063164987
1.063164987
1.063164987
1.063164987
1.063164987
1.063164987
1.063339246
1.063339246
1.063339246
1.063339246
1.063339246
1.063339246
1.063339246
1.063339246
1.063339246
1.063339246
1.063339246
1.063339246
1.063339246
1.063339246
1.063339246
1.063339246
1.063339246
1.063339246
1.063339246
1.063339246
1.063339246
1.063339246
1.063339246
1.063339246
1.063339246
1.063513505
1.063513505
1.063513505
1.063513505
1.063513505
1.063513505
1.063513505
1.063513505
1.063513505
1.063513505
1.063513505
1.063513505
1.063513505
1.063513505
1.063513505
1.063513505
1.063513505
1.063513505
1.063513505
1.063513505
1.063513505
1.063513505
1.063513505
1.063513505
1.063513505
1.063687764
1.063687764
1.063687764
1.063687764
1.063687764
1.063687764
1.063687764
1.063687764
1.063687764
1.063687764
1.063687764
1.063687764
1.063687764
1.063687764
1.063687764
1.063687764
1.063687764
1.063687764
1.063687764
1.063687764
1.063687764
1.063687764
1.063687764
1.063687764
1.063687764
1.063687764
1.067314463
1.067314463
1.067314463
1.067314463
1.067314463
1.067314463
1.067314463
1.067314463
1.067314463
1.067314463
1.067314463
1.067314463
1.067314463
1.067314463
1.067314463
1.067314463
1.067314463
1.067314463
1.067314463
1.067314463
1.067314463
1.067314463
1.067314463
1.067314463
1.067314463
1.067488718
1.067488718
1.067488718
1.067488718
1.067488718
1.067488718
1.067488718
1.067488718
1.067488718
1.067488718
1.067488718
1.067488718
1.067488718
1.067488718
1.067488718
1.067488718
1.067488718
1.067488718
1.067488718
1.067488718
1.067488718
1.067488718
1.067488718
1.067488718
1.067488718
1.067662973
1.067662973
1.067662973
1.067662973
1.067662973
1.067662973
1.067662973
1.067662973
1.067662973
1.067662973
1.067662973
1.067662973
1.067662973
1.067662973
1.067662973
1.067662973
1.067662973
1.067662973
1.067662973
1.067662973
1.067662973
1.067662973
1.067662973
1.067662973
1.067662973
1.067662973
1.067837228
1.067837228
1.067837228
1.067837228
1.067837228
1.067837228
1.067837228
1.067837228
1.067837228
1.067837228
1.067837228
1.067837228
1.067837228
1.067837228
1.067837228
1.067837228
1.067837228
1.067837228
1.067837228
1.067837228
1.067837228
1.067837228
1.067837228
1.067837228
1.067837228
1.071627531
1.071627531
1.071627531
1.071627531
1.071627531
1.071627531
1.071627531
1.071627531
1.071627531
1.071627531
1.071627531
1.071627531
1.071627531
1.071627531
1.071627531
1.071627531
1.071627531
1.071627531
1.071627531
1.071627531
1.071627531
1.071627531
1.071627531
1.071627531
1.071627531
1.071627531
1.071801772
1.071801772
1.071801772
1.071801772
1.071801772
1.071801772
1.071801772
1.071801772
1.071801772
1.071801772
1.071801772
1.071801772
1.071801772
1.071801772
1.071801772
1.071801772
1.071801772
1.071801772
1.071801772
1.071801772
1.071801772
1.071801772
1.071801772
1.071801772
1.071801772
1.071976013
1.071976013
1.071976013
1.071976013
1.071976013
1.071976013
1.071976013
1.071976013
1.071976013
1.071976013
1.071976013
1.071976013
1.071976013
1.071976013
1.071976013
1.071976013
1.071976013
1.071976013
1.071976013
1.071976013
1.071976013
1.071976013
1.071976013
1.071976013
1.071976013
1.072150253
1.072150253
1.072150253
1.072150253
1.072150253
1.072150253
1.072150253
1.072150253
1.072150253
1.072150253
1.072150253
1.072150253
1.072150253
1.072150253
1.072150253
1.072150253
1.072150253
1.072150253
1.072150253
1.072150253
1.072150253
1.072150253
1.072150253
1.072150253
1.072150253
1.072150253
1.076029417
1.076029417
1.076029417
1.076029417
1.076029417
1.076029417
1.076029417
1.076029417
1.076029417
1.076029417
1.076029417
1.076029417
1.076029417
1.076029417
1.076029417
1.076029417
1.076029417
1.076029417
1.076029417
1.076029417
1.076029417
1.076029417
1.076029417
1.076029417
1.076029417
1.076203648
1.076203648
1.076203648
1.076203648
1.076203648
1.076203648
1.076203648
1.076203648
1.076203648
1.076203648
1.076203648
1.076203648
1.076203648
1.076203648
1.076203648
1.076203648
1.076203648
1.076203648
1.076203648
1.076203648
1.076203648
1.076203648
1.076203648
1.076203648
1.076203648
1.076203648
1.076377879
1.076377879
1.076377879
1.076377879
1.076377879
1.076377879
1.076377879
1.076377879
1.076377879
1.076377879
1.076377879
1.076377879
1.076377879
1.076377879
1.076377879
1.076377879
1.076377879
1.076377879
1.076377879
1.076377879
1.076377879
1.076377879
1.076377879
1.076377879
1.076377879
1.07655211
1.07655211
1.07655211
1.07655211
1.07655211
1.07655211
1.07655211
1.07655211
1.07655211
1.07655211
1.07655211
1.07655211
1.07655211
1.07655211
1.07655211
1.07655211
1.07655211
1.07655211
1.07655211
1.07655211
1.07655211
1.07655211
1.07655211
1.07655211
1.07655211
1.075734064
1.075734064
1.075734064
1.075734064
1.075734064
1.075734064
1.075734064
1.075734064
1.075734064
1.075734064
1.075734064
1.075734064
1.075734064
1.075734064
1.075734064
1.075734064
1.075734064
1.075734064
1.075734064
1.075734064
1.075734064
1.075734064
1.075734064
1.075734064
1.075734064
1.075734064
1.075908238
1.075908238
1.075908238
1.075908238
1.075908238
1.075908238
1.075908238
1.075908238
1.075908238
1.075908238
1.075908238
1.075908238
1.075908238
1.075908238
1.075908238
1.075908238
1.075908238
1.075908238
1.075908238
1.075908238
1.075908238
1.075908238
1.075908238
1.075908238
1.075908238
1.076082412
1.076082412
1.076082412
1.076082412
1.076082412
1.076082412
1.076082412
1.076082412
1.076082412
1.076082412
1.076082412
1.076082412
1.076082412
1.076082412
1.076082412
1.076082412
1.076082412
1.076082412
1.076082412
1.076082412
1.076082412
1.076082412
1.076082412
1.076082412
1.076082412
1.076256585
1.076256585
1.076256585
1.076256585
1.076256585
1.076256585
1.076256585
1.076256585
1.076256585
1.076256585
1.076256585
1.076256585
1.076256585
1.076256585
1.076256585
1.076256585
1.076256585
1.076256585
1.076256585
1.076256585
1.076256585
1.076256585
1.076256585
1.076256585
1.076256585
1.076256585
1.080130517
1.080130517
1.080130517
1.080130517
1.080130517
1.080130517
1.080130517
1.080130517
1.080130517
1.080130517
1.080130517
1.080130517
1.080130517
1.080130517
1.080130517
1.080130517
1.080130517
1.080130517
1.080130517
1.080130517
1.080130517
1.080130517
1.080130517
1.080130517
1.080130517
1.08030467
1.08030467
1.08030467
1.08030467
1.08030467
1.08030467
1.08030467
1.08030467
1.08030467
1.08030467
1.08030467
1.08030467
1.08030467
1.08030467
1.08030467
1.08030467
1.08030467
1.08030467
1.08030467
1.08030467
1.08030467
1.08030467
1.08030467
1.08030467
1.08030467
1.08030467
1.080478823
1.080478823
1.080478823
1.080478823
1.080478823
1.080478823
1.080478823
1.080478823
1.080478823
1.080478823
1.080478823
1.080478823
1.080478823
1.080478823
1.080478823
1.080478823
1.080478823
1.080478823
1.080478823
1.080478823
1.080478823
1.080478823
1.080478823
1.080478823
1.080478823
1.080652975
1.080652975
1.080652975
1.080652975
1.080652975
1.080652975
1.080652975
1.080652975
1.080652975
1.080652975
1.080652975
1.080652975
1.080652975
1.080652975
1.080652975
1.080652975
1.080652975
1.080652975
1.080652975
1.080652975
1.080652975
1.080652975
1.080652975
1.080652975
1.080652975
1.083870433
1.083870433
1.083870433
1.083870433
1.083870433
1.083870433
1.083870433
1.083870433
1.083870433
1.083870433
1.083870433
1.083870433
1.083870433
1.083870433
1.083870433
1.083870433
1.083870433
1.083870433
1.083870433
1.083870433
1.083870433
1.083870433
1.083870433
1.083870433
1.083870433
1.083870433
1.084044529
1.084044529
1.084044529
1.084044529
1.084044529
1.084044529
1.084044529
1.084044529
1.084044529
1.084044529
1.084044529
1.084044529
1.084044529
1.084044529
1.084044529
1.084044529
1.084044529
1.084044529
1.084044529
1.084044529
1.084044529
1.084044529
1.084044529
1.084044529
1.084044529
1.084218624
1.084218624
1.084218624
1.084218624
1.084218624
1.084218624
1.084218624
1.084218624
1.084218624
1.084218624
1.084218624
1.084218624
1.084218624
1.084218624
1.084218624
1.084218624
1.084218624
1.084218624
1.084218624
1.084218624
1.084218624
1.084218624
1.084218624
1.084218624
1.084218624
1.084218624
1.08439272
1.08439272
1.08439272
1.08439272
1.08439272
1.08439272
1.08439272
1.08439272
1.08439272
1.08439272
1.08439272
1.08439272
1.08439272
1.08439272
1.08439272
1.08439272
1.08439272
1.08439272
1.08439272
1.08439272
1.08439272
1.08439272
1.08439272
1.08439272
1.08439272
1.097267454
1.097267454
1.097267454
1.097267454
1.097267454
1.097267454
1.097267454
1.097267454
1.097267454
1.097267454
1.097267454
1.097267454
1.097267454
1.097267454
1.097267454
1.097267454
1.097267454
1.097267454
1.097267454
1.097267454
1.097267454
1.097267454
1.097267454
1.097267454
1.097267454
1.097442276
1.097442276
1.097442276
1.097442276
1.097442276
1.097442276
1.097442276
1.097442276
1.097442276
1.097442276
1.097442276
1.097442276
1.097442276
1.097442276
1.097442276
1.097442276
1.097442276
1.097442276
1.097442276
1.097442276
1.097442276
1.097442276
1.097442276
1.097442276
1.097442276
1.097442276
1.097617098
1.097617098
1.097617098
1.097617098
1.097617098
1.097617098
1.097617098
1.097617098
1.097617098
1.097617098
1.097617098
1.097617098
1.097617098
1.097617098
1.097617098
1.097617098
1.097617098
1.097617098
1.097617098
1.097617098
1.097617098
1.097617098
1.097617098
1.097617098
1.097617098
1.097791919
1.097791919
1.097791919
1.097791919
1.097791919
1.097791919
1.097791919
1.097791919
1.097791919
1.097791919
1.097791919
1.097791919
1.097791919
1.097791919
1.097791919
1.097791919
1.097791919
1.097791919
1.097791919
1.097791919
1.097791919
1.097791919
1.097791919
1.097791919
1.097791919
1.101810575
1.101810575
1.101810575
1.101810575
1.101810575
1.101810575
1.101810575
1.101810575
1.101810575
1.101810575
1.101810575
1.101810575
1.101810575
1.101810575
1.101810575
1.101810575
1.101810575
1.101810575
1.101810575
1.101810575
1.101810575
1.101810575
1.101810575
1.101810575
1.101810575
1.101810575
1.101985376
1.101985376
1.101985376
1.101985376
1.101985376
1.101985376
1.101985376
1.101985376
1.101985376
1.101985376
1.101985376
1.101985376
1.101985376
1.101985376
1.101985376
1.101985376
1.101985376
1.101985376
1.101985376
1.101985376
1.101985376
1.101985376
1.101985376
1.101985376
1.101985376
1.102160178
1.102160178
1.102160178
1.102160178
1.102160178
1.102160178
1.102160178
1.102160178
1.102160178
1.102160178
1.102160178
1.102160178
1.102160178
1.102160178
1.102160178
1.102160178
1.102160178
1.102160178
1.102160178
1.102160178
1.102160178
1.102160178
1.102160178
1.102160178
1.102160178
1.102160178
1.102334979
1.102334979
1.102334979
1.102334979
1.102334979
1.102334979
1.102334979
1.102334979
1.102334979
1.102334979
1.102334979
1.102334979
1.102334979
1.102334979
1.102334979
1.102334979
1.102334979
1.102334979
1.102334979
1.102334979
1.102334979
1.102334979
1.102334979
1.102334979
1.102334979
1.106245375
1.106245375
1.106245375
1.106245375
1.106245375
1.106245375
1.106245375
1.106245375
1.106245375
1.106245375
1.106245375
1.106245375
1.106245375
1.106245375
1.106245375
1.106245375
1.106245375
1.106245375
1.106245375
1.106245375
1.106245375
1.106245375
1.106245375
1.106245375
1.106245375
1.106420145
1.106420145
1.106420145
1.106420145
1.106420145
1.106420145
1.106420145
1.106420145
1.106420145
1.106420145
1.106420145
1.106420145
1.106420145
1.106420145
1.106420145
1.106420145
1.106420145
1.106420145
1.106420145
1.106420145
1.106420145
1.106420145
1.106420145
1.106420145
1.106420145
1.106420145
1.106594914
1.106594914
1.106594914
1.106594914
1.106594914
1.106594914
1.106594914
1.106594914
1.106594914
1.106594914
1.106594914
1.106594914
1.106594914
1.106594914
1.106594914
1.106594914
1.106594914
1.106594914
1.106594914
1.106594914
1.106594914
1.106594914
1.106594914
1.106594914
1.106594914
1.106769684
1.106769684
1.106769684
1.106769684
1.106769684
1.106769684
1.106769684
1.106769684
1.106769684
1.106769684
1.106769684
1.106769684
1.106769684
1.106769684
1.106769684
1.106769684
1.106769684
1.106769684
1.106769684
1.106769684
1.106769684
1.106769684
1.106769684
1.106769684
1.106769684
1.106769684
1.110565506
1.110565506
1.110565506
1.110565506
1.110565506
1.110565506
1.110565506
1.110565506
1.110565506
1.110565506
1.110565506
1.110565506
1.110565506
1.110565506
1.110565506
1.110565506
1.110565506
1.110565506
1.110565506
1.110565506
1.110565506
1.110565506
1.110565506
1.110565506
1.110565506
1.110740239
1.110740239
1.110740239
1.110740239
1.110740239
1.110740239
1.110740239
1.110740239
1.110740239
1.110740239
1.110740239
1.110740239
1.110740239
1.110740239
1.110740239
1.110740239
1.110740239
1.110740239
1.110740239
1.110740239
1.110740239
1.110740239
1.110740239
1.110740239
1.110740239
1.110914973
1.110914973
1.110914973
1.110914973
1.110914973
1.110914973
1.110914973
1.110914973
1.110914973
1.110914973
1.110914973
1.110914973
1.110914973
1.110914973
1.110914973
1.110914973
1.110914973
1.110914973
1.110914973
1.110914973
1.110914973
1.110914973
1.110914973
1.110914973
1.110914973
1.110914973
1.111089706
1.111089706
1.111089706
1.111089706
1.111089706
1.111089706
1.111089706
1.111089706
1.111089706
1.111089706
1.111089706
1.111089706
1.111089706
1.111089706
1.111089706
1.111089706
1.111089706
1.111089706
1.111089706
1.111089706
1.111089706
1.111089706
1.111089706
1.111089706
1.111089706
1.114517233
1.114517233
1.114517233
1.114517233
1.114517233
1.114517233
1.114517233
1.114517233
1.114517233
1.114517233
1.114517233
1.114517233
1.114517233
1.114517233
1.114517233
1.114517233
1.114517233
1.114517233
1.114517233
1.114517233
1.114517233
1.114517233
1.114517233
1.114517233
1.114517233
1.114691899
1.114691899
1.114691899
1.114691899
1.114691899
1.114691899
1.114691899
1.114691899
1.114691899
1.114691899
1.114691899
1.114691899
1.114691899
1.114691899
1.114691899
1.114691899
1.114691899
1.114691899
1.114691899
1.114691899
1.114691899
1.114691899
1.114691899
1.114691899
1.114691899
1.114691899
1.114866565
1.114866565
1.114866565
1.114866565
1.114866565
1.114866565
1.114866565
1.114866565
1.114866565
1.114866565
1.114866565
1.114866565
1.114866565
1.114866565
1.114866565
1.114866565
1.114866565
1.114866565
1.114866565
1.114866565
1.114866565
1.114866565
1.114866565
1.114866565
1.114866565
1.115041231
1.115041231
1.115041231
1.115041231
1.115041231
1.115041231
1.115041231
1.115041231
1.115041231
1.115041231
1.115041231
1.115041231
1.115041231
1.115041231
1.115041231
1.115041231
1.115041231
1.115041231
1.115041231
1.115041231
1.115041231
1.115041231
1.115041231
1.115041231
1.115041231
1.115041231
1.119151026
1.119151026
1.119151026
1.119151026
1.119151026
1.119151026
1.119151026
1.119151026
1.119151026
1.119151026
1.119151026
1.119151026
1.119151026
1.119151026
1.119151026
1.119151026
1.119151026
1.119151026
1.119151026
1.119151026
1.119151026
1.119151026
1.119151026
1.119151026
1.119151026
1.119325667
1.119325667
1.119325667
1.119325667
1.119325667
1.119325667
1.119325667
1.119325667
1.119325667
1.119325667
1.119325667
1.119325667
1.119325667
1.119325667
1.119325667
1.119325667
1.119325667
1.119325667
1.119325667
1.119325667
1.119325667
1.119325667
1.119325667
1.119325667
1.119325667
1.119500309
1.119500309
1.119500309
1.119500309
1.119500309
1.119500309
1.119500309
1.119500309
1.119500309
1.119500309
1.119500309
1.119500309
1.119500309
1.119500309
1.119500309
1.119500309
1.119500309
1.119500309
1.119500309
1.119500309
1.119500309
1.119500309
1.119500309
1.119500309
1.119500309
1.119500309
1.119674951
1.119674951
1.119674951
1.119674951
1.119674951
1.119674951
1.119674951
1.119674951
1.119674951
1.119674951
1.119674951
1.119674951
1.119674951
1.119674951
1.119674951
1.119674951
1.119674951
1.119674951
1.119674951
1.119674951
1.119674951
1.119674951
1.119674951
1.119674951
1.119674951
1.124077954
1.124077954
1.124077954
1.124077954
1.124077954
1.124077954
1.124077954
1.124077954
1.124077954
1.124077954
1.124077954
1.124077954
1.124077954
1.124077954
1.124077954
1.124077954
1.124077954
1.124077954
1.124077954
1.124077954
1.124077954
1.124077954
1.124077954
1.124077954
1.124077954
1.124077954
1.124252591
1.124252591
1.124252591
1.124252591
1.124252591
1.124252591
1.124252591
1.124252591
1.124252591
1.124252591
1.124252591
1.124252591
1.124252591
1.124252591
1.124252591
1.124252591
1.124252591
1.124252591
1.124252591
1.124252591
1.124252591
1.124252591
1.124252591
1.124252591
1.124252591
1.124427229
1.124427229
1.124427229
1.124427229
1.124427229
1.124427229
1.124427229
1.124427229
1.124427229
1.124427229
1.124427229
1.124427229
1.124427229
1.124427229
1.124427229
1.124427229
1.124427229
1.124427229
1.124427229
1.124427229
1.124427229
1.124427229
1.124427229
1.124427229
1.124427229
1.124601866
1.124601866
1.124601866
1.124601866
1.124601866
1.124601866
1.124601866
1.124601866
1.124601866
1.124601866
1.124601866
1.124601866
1.124601866
1.124601866
1.124601866
1.124601866
1.124601866
1.124601866
1.124601866
1.124601866
1.124601866
1.124601866
1.124601866
1.124601866
1.124601866
1.124601866
1.125202952
1.125202952
1.125202952
1.125202952
1.125202952
1.125202952
1.125202952
1.125202952
1.125202952
1.125202952
1.125202952
1.125202952
1.125202952
1.125202952
1.125202952
1.125202952
1.125202952
1.125202952
1.125202952
1.125202952
1.125202952
1.125202952
1.125202952
1.125202952
1.125202952
1.125377565
1.125377565
1.125377565
1.125377565
1.125377565
1.125377565
1.125377565
1.125377565
1.125377565
1.125377565
1.125377565
1.125377565
1.125377565
1.125377565
1.125377565
1.125377565
1.125377565
1.125377565
1.125377565
1.125377565
1.125377565
1.125377565
1.125377565
1.125377565
1.125377565
1.125552178
1.125552178
1.125552178
1.125552178
1.125552178
1.125552178
1.125552178
1.125552178
1.125552178
1.125552178
1.125552178
1.125552178
1.125552178
1.125552178
1.125552178
1.125552178
1.125552178
1.125552178
1.125552178
1.125552178
1.125552178
1.125552178
1.125552178
1.125552178
1.125552178
1.125552178
1.12572679
1.12572679
1.12572679
1.12572679
1.12572679
1.12572679
1.12572679
1.12572679
1.12572679
1.12572679
1.12572679
1.12572679
1.12572679
1.12572679
1.12572679
1.12572679
1.12572679
1.12572679
1.12572679
1.12572679
1.12572679
1.12572679
1.12572679
1.12572679
1.12572679
1.120494726
1.120494726
1.120494726
1.120494726
1.120494726
1.120494726
1.120494726
1.120494726
1.120494726
1.120494726
1.120494726
1.120494726
1.120494726
1.120494726
1.120494726
1.120494726
1.120494726
1.120494726
1.120494726
1.120494726
1.120494726
1.120494726
1.120494726
1.120494726
1.120494726
1.120494726
1.120669284
1.120669284
1.120669284
1.120669284
1.120669284
1.120669284
1.120669284
1.120669284
1.120669284
1.120669284
1.120669284
1.120669284
1.120669284
1.120669284
1.120669284
1.120669284
1.120669284
1.120669284
1.120669284
1.120669284
1.120669284
1.120669284
1.120669284
1.120669284
1.120669284
1.120843842
1.120843842
1.120843842
1.120843842
1.120843842
1.120843842
1.120843842
1.120843842
1.120843842
1.120843842
1.120843842
1.120843842
1.120843842
1.120843842
1.120843842
1.120843842
1.120843842
1.120843842
1.120843842
1.120843842
1.120843842
1.120843842
1.120843842
1.120843842
1.120843842
1.121018401
1.121018401
1.121018401
1.121018401
1.121018401
1.121018401
1.121018401
1.121018401
1.121018401
1.121018401
1.121018401
1.121018401
1.121018401
1.121018401
1.121018401
1.121018401
1.121018401
1.121018401
1.121018401
1.121018401
1.121018401
1.121018401
1.121018401
1.121018401
1.121018401
1.121018401
1.124362976
1.124362976
1.124362976
1.124362976
1.124362976
1.124362976
1.124362976
1.124362976
1.124362976
1.124362976
1.124362976
1.124362976
1.124362976
1.124362976
1.124362976
1.124362976
1.124362976
1.124362976
1.124362976
1.124362976
1.124362976
1.124362976
1.124362976
1.124362976
1.124362976
1.124537465
1.124537465
1.124537465
1.124537465
1.124537465
1.124537465
1.124537465
1.124537465
1.124537465
1.124537465
1.124537465
1.124537465
1.124537465
1.124537465
1.124537465
1.124537465
1.124537465
1.124537465
1.124537465
1.124537465
1.124537465
1.124537465
1.124537465
1.124537465
1.124537465
1.124537465
1.124711954
1.124711954
1.124711954
1.124711954
1.124711954
1.124711954
1.124711954
1.124711954
1.124711954
1.124711954
1.124711954
1.124711954
1.124711954
1.124711954
1.124711954
1.124711954
1.124711954
1.124711954
1.124711954
1.124711954
1.124711954
1.124711954
1.124711954
1.124711954
1.124711954
1.124886443
1.124886443
1.124886443
1.124886443
1.124886443
1.124886443
1.124886443
1.124886443
1.124886443
1.124886443
1.124886443
1.124886443
1.124886443
1.124886443
1.124886443
1.124886443
1.124886443
1.124886443
1.124886443
1.124886443
1.124886443
1.124886443
1.124886443
1.124886443
1.124886443
1.129063078
1.129063078
1.129063078
1.129063078
1.129063078
1.129063078
1.129063078
1.129063078
1.129063078
1.129063078
1.129063078
1.129063078
1.129063078
1.129063078
1.129063078
1.129063078
1.129063078
1.129063078
1.129063078
1.129063078
1.129063078
1.129063078
1.129063078
1.129063078
1.129063078
1.129063078
1.129237563
1.129237563
1.129237563
1.129237563
1.129237563
1.129237563
1.129237563
1.129237563
1.129237563
1.129237563
1.129237563
1.129237563
1.129237563
1.129237563
1.129237563
1.129237563
1.129237563
1.129237563
1.129237563
1.129237563
1.129237563
1.129237563
1.129237563
1.129237563
1.129237563
1.129412048
1.129412048
1.129412048
1.129412048
1.129412048
1.129412048
1.129412048
1.129412048
1.129412048
1.129412048
1.129412048
1.129412048
1.129412048
1.129412048
1.129412048
1.129412048
1.129412048
1.129412048
1.129412048
1.129412048
1.129412048
1.129412048
1.129412048
1.129412048
1.129412048
1.129586533
1.129586533
1.129586533
1.129586533
1.129586533
1.129586533
1.129586533
1.129586533
1.129586533
1.129586533
1.129586533
1.129586533
1.129586533
1.129586533
1.129586533
1.129586533
1.129586533
1.129586533
1.129586533
1.129586533
1.129586533
1.129586533
1.129586533
1.129586533
1.129586533
1.129586533
1.13378718
1.13378718
1.13378718
1.13378718
1.13378718
1.13378718
1.13378718
1.13378718
1.13378718
1.13378718
1.13378718
1.13378718
1.13378718
1.13378718
1.13378718
1.13378718
1.13378718
1.13378718
1.13378718
1.13378718
1.13378718
1.13378718
1.13378718
1.13378718
1.13378718
1.133961648
1.133961648
1.133961648
1.133961648
1.133961648
1.133961648
1.133961648
1.133961648
1.133961648
1.133961648
1.133961648
1.133961648
1.133961648
1.133961648
1.133961648
1.133961648
1.133961648
1.133961648
1.133961648
1.133961648
1.133961648
1.133961648
1.133961648
1.133961648
1.133961648
1.133961648
1.134136116
1.134136116
1.134136116
1.134136116
1.134136116
1.134136116
1.134136116
1.134136116
1.134136116
1.134136116
1.134136116
1.134136116
1.134136116
1.134136116
1.134136116
1.134136116
1.134136116
1.134136116
1.134136116
1.134136116
1.134136116
1.134136116
1.134136116
1.134136116
1.134136116
1.134310585
1.134310585
1.134310585
1.134310585
1.134310585
1.134310585
1.134310585
1.134310585
1.134310585
1.134310585
1.134310585
1.134310585
1.134310585
1.134310585
1.134310585
1.134310585
1.134310585
1.134310585
1.134310585
1.134310585
1.134310585
1.134310585
1.134310585
1.134310585
1.134310585
1.137431355
1.137431355
1.137431355
1.137431355
1.137431355
1.137431355
1.137431355
1.137431355
1.137431355
1.137431355
1.137431355
1.137431355
1.137431355
1.137431355
1.137431355
1.137431355
1.137431355
1.137431355
1.137431355
1.137431355
1.137431355
1.137431355
1.137431355
1.137431355
1.137431355
1.137431355
1.13760578
1.13760578
1.13760578
1.13760578
1.13760578
1.13760578
1.13760578
1.13760578
1.13760578
1.13760578
1.13760578
1.13760578
1.13760578
1.13760578
1.13760578
1.13760578
1.13760578
1.13760578
1.13760578
1.13760578
1.13760578
1.13760578
1.13760578
1.13760578
1.13760578
1.137780204
1.137780204
1.137780204
1.137780204
1.137780204
1.137780204
1.137780204
1.137780204
1.137780204
1.137780204
1.137780204
1.137780204
1.137780204
1.137780204
1.137780204
1.137780204
1.137780204
1.137780204
1.137780204
1.137780204
1.137780204
1.137780204
1.137780204
1.137780204
1.137780204
1.137780204
1.137954629
1.137954629
1.137954629
1.137954629
1.137954629
1.137954629
1.137954629
1.137954629
1.137954629
1.137954629
1.137954629
1.137954629
1.137954629
1.137954629
1.137954629
1.137954629
1.137954629
1.137954629
1.137954629
1.137954629
1.137954629
1.137954629
1.137954629
1.137954629
1.137954629
1.142113718
1.142113718
1.142113718
1.142113718
1.142113718
1.142113718
1.142113718
1.142113718
1.142113718
1.142113718
1.142113718
1.142113718
1.142113718
1.142113718
1.142113718
1.142113718
1.142113718
1.142113718
1.142113718
1.142113718
1.142113718
1.142113718
1.142113718
1.142113718
1.142113718
1.142288105
1.142288105
1.142288105
1.142288105
1.142288105
1.142288105
1.142288105
1.142288105
1.142288105
1.142288105
1.142288105
1.142288105
1.142288105
1.142288105
1.142288105
1.142288105
1.142288105
1.142288105
1.142288105
1.142288105
1.142288105
1.142288105
1.142288105
1.142288105
1.142288105
1.142288105
1.142462491
1.142462491
1.142462491
1.142462491
1.142462491
1.142462491
1.142462491
1.142462491
1.142462491
1.142462491
1.142462491
1.142462491
1.142462491
1.142462491
1.142462491
1.142462491
1.142462491
1.142462491
1.142462491
1.142462491
1.142462491
1.142462491
1.142462491
1.142462491
1.142462491
1.142636878
1.142636878
1.142636878
1.142636878
1.142636878
1.142636878
1.142636878
1.142636878
1.142636878
1.142636878
1.142636878
1.142636878
1.142636878
1.142636878
1.142636878
1.142636878
1.142636878
1.142636878
1.142636878
1.142636878
1.142636878
1.142636878
1.142636878
1.142636878
1.142636878
1.146700737
1.146700737
1.146700737
1.146700737
1.146700737
1.146700737
1.146700737
1.146700737
1.146700737
1.146700737
1.146700737
1.146700737
1.146700737
1.146700737
1.146700737
1.146700737
1.146700737
1.146700737
1.146700737
1.146700737
1.146700737
1.146700737
1.146700737
1.146700737
1.146700737
1.146700737
1.146875076
1.146875076
1.146875076
1.146875076
1.146875076
1.146875076
1.146875076
1.146875076
1.146875076
1.146875076
1.146875076
1.146875076
1.146875076
1.146875076
1.146875076
1.146875076
1.146875076
1.146875076
1.146875076
1.146875076
1.146875076
1.146875076
1.146875076
1.146875076
1.146875076
1.147049415
1.147049415
1.147049415
1.147049415
1.147049415
1.147049415
1.147049415
1.147049415
1.147049415
1.147049415
1.147049415
1.147049415
1.147049415
1.147049415
1.147049415
1.147049415
1.147049415
1.147049415
1.147049415
1.147049415
1.147049415
1.147049415
1.147049415
1.147049415
1.147049415
1.147049415
1.147223754
1.147223754
1.147223754
1.147223754
1.147223754
1.147223754
1.147223754
1.147223754
1.147223754
1.147223754
1.147223754
1.147223754
1.147223754
1.147223754
1.147223754
1.147223754
1.147223754
1.147223754
1.147223754
1.147223754
1.147223754
1.147223754
1.147223754
1.147223754
1.147223754
1.150910177
1.150910177
1.150910177
1.150910177
1.150910177
1.150910177
1.150910177
1.150910177
1.150910177
1.150910177
1.150910177
1.150910177
1.150910177
1.150910177
1.150910177
1.150910177
1.150910177
1.150910177
1.150910177
1.150910177
1.150910177
1.150910177
1.150910177
1.150910177
1.150910177
1.151084489
1.151084489
1.151084489
1.151084489
1.151084489
1.151084489
1.151084489
1.151084489
1.151084489
1.151084489
1.151084489
1.151084489
1.151084489
1.151084489
1.151084489
1.151084489
1.151084489
1.151084489
1.151084489
1.151084489
1.151084489
1.151084489
1.151084489
1.151084489
1.151084489
1.151084489
1.151258802
1.151258802
1.151258802
1.151258802
1.151258802
1.151258802
1.151258802
1.151258802
1.151258802
1.151258802
1.151258802
1.151258802
1.151258802
1.151258802
1.151258802
1.151258802
1.151258802
1.151258802
1.151258802
1.151258802
1.151258802
1.151258802
1.151258802
1.151258802
1.151258802
1.151433115
1.151433115
1.151433115
1.151433115
1.151433115
1.151433115
1.151433115
1.151433115
1.151433115
1.151433115
1.151433115
1.151433115
1.151433115
1.151433115
1.151433115
1.151433115
1.151433115
1.151433115
1.151433115
1.151433115
1.151433115
1.151433115
1.151433115
1.151433115
1.151433115
1.151433115
1.155982923
1.155982923
1.155982923
1.155982923
1.155982923
1.155982923
1.155982923
1.155982923
1.155982923
1.155982923
1.155982923
1.155982923
1.155982923
1.155982923
1.155982923
1.155982923
1.155982923
1.155982923
1.155982923
1.155982923
1.155982923
1.155982923
1.155982923
1.155982923
1.155982923
1.156157218
1.156157218
1.156157218
1.156157218
1.156157218
1.156157218
1.156157218
1.156157218
1.156157218
1.156157218
1.156157218
1.156157218
1.156157218
1.156157218
1.156157218
1.156157218
1.156157218
1.156157218
1.156157218
1.156157218
1.156157218
1.156157218
1.156157218
1.156157218
1.156157218
1.156331513
1.156331513
1.156331513
1.156331513
1.156331513
1.156331513
1.156331513
1.156331513
1.156331513
1.156331513
1.156331513
1.156331513
1.156331513
1.156331513
1.156331513
1.156331513
1.156331513
1.156331513
1.156331513
1.156331513
1.156331513
1.156331513
1.156331513
1.156331513
1.156331513
1.156331513
1.156505808
1.156505808
1.156505808
1.156505808
1.156505808
1.156505808
1.156505808
1.156505808
1.156505808
1.156505808
1.156505808
1.156505808
1.156505808
1.156505808
1.156505808
1.156505808
1.156505808
1.156505808
1.156505808
1.156505808
1.156505808
1.156505808
1.156505808
1.156505808
1.156505808
1.160298102
1.160298102
1.160298102
1.160298102
1.160298102
1.160298102
1.160298102
1.160298102
1.160298102
1.160298102
1.160298102
1.160298102
1.160298102
1.160298102
1.160298102
1.160298102
1.160298102
1.160298102
1.160298102
1.160298102
1.160298102
1.160298102
1.160298102
1.160298102
1.160298102
1.160472362
1.160472362
1.160472362
1.160472362
1.160472362
1.160472362
1.160472362
1.160472362
1.160472362
1.160472362
1.160472362
1.160472362
1.160472362
1.160472362
1.160472362
1.160472362
1.160472362
1.160472362
1.160472362
1.160472362
1.160472362
1.160472362
1.160472362
1.160472362
1.160472362
1.160472362
1.160646622
1.160646622
1.160646622
1.160646622
1.160646622
1.160646622
1.160646622
1.160646622
1.160646622
1.160646622
1.160646622
1.160646622
1.160646622
1.160646622
1.160646622
1.160646622
1.160646622
1.160646622
1.160646622
1.160646622
1.160646622
1.160646622
1.160646622
1.160646622
1.160646622
1.160820882
1.160820882
1.160820882
1.160820882
1.160820882
1.160820882
1.160820882
1.160820882
1.160820882
1.160820882
1.160820882
1.160820882
1.160820882
1.160820882
1.160820882
1.160820882
1.160820882
1.160820882
1.160820882
1.160820882
1.160820882
1.160820882
1.160820882
1.160820882
1.160820882
1.160820882
1.164475432
1.164475432
1.164475432
1.164475432
1.164475432
1.164475432
1.164475432
1.164475432
1.164475432
1.164475432
1.164475432
1.164475432
1.164475432
1.164475432
1.164475432
1.164475432
1.164475432
1.164475432
1.164475432
1.164475432
1.164475432
1.164475432
1.164475432
1.164475432
1.164475432
1.164649615
1.164649615
1.164649615
1.164649615
1.164649615
1.164649615
1.164649615
1.164649615
1.164649615
1.164649615
1.164649615
1.164649615
1.164649615
1.164649615
1.164649615
1.164649615
1.164649615
1.164649615
1.164649615
1.164649615
1.164649615
1.164649615
1.164649615
1.164649615
1.164649615
1.164823798
1.164823798
1.164823798
1.164823798
1.164823798
1.164823798
1.164823798
1.164823798
1.164823798
1.164823798
1.164823798
1.164823798
1.164823798
1.164823798
1.164823798
1.164823798
1.164823798
1.164823798
1.164823798
1.164823798
1.164823798
1.164823798
1.164823798
1.164823798
1.164823798
1.164823798
1.164997981
1.164997981
1.164997981
1.164997981
1.164997981
1.164997981
1.164997981
1.164997981
1.164997981
1.164997981
1.164997981
1.164997981
1.164997981
1.164997981
1.164997981
1.164997981
1.164997981
1.164997981
1.164997981
1.164997981
1.164997981
1.164997981
1.164997981
1.164997981
1.164997981
1.169563233
1.169563233
1.169563233
1.169563233
1.169563233
1.169563233
1.169563233
1.169563233
1.169563233
1.169563233
1.169563233
1.169563233
1.169563233
1.169563233
1.169563233
1.169563233
1.169563233
1.169563233
1.169563233
1.169563233
1.169563233
1.169563233
1.169563233
1.169563233
1.169563233
1.169563233
1.169737391
1.169737391
1.169737391
1.169737391
1.169737391
1.169737391
1.169737391
1.169737391
1.169737391
1.169737391
1.169737391
1.169737391
1.169737391
1.169737391
1.169737391
1.169737391
1.169737391
1.169737391
1.169737391
1.169737391
1.169737391
1.169737391
1.169737391
1.169737391
1.169737391
1.169911548
1.169911548
1.169911548
1.169911548
1.169911548
1.169911548
1.169911548
1.169911548
1.169911548
1.169911548
1.169911548
1.169911548
1.169911548
1.169911548
1.169911548
1.169911548
1.169911548
1.169911548
1.169911548
1.169911548
1.169911548
1.169911548
1.169911548
1.169911548
1.169911548
1.170085706
1.170085706
1.170085706
1.170085706
1.170085706
1.170085706
1.170085706
1.170085706
1.170085706
1.170085706
1.170085706
1.170085706
1.170085706
1.170085706
1.170085706
1.170085706
1.170085706
1.170085706
1.170085706
1.170085706
1.170085706
1.170085706
1.170085706
1.170085706
1.170085706
1.170085706
1.174977977
1.174977977
1.174977977
1.174977977
1.174977977
1.174977977
1.174977977
1.174977977
1.174977977
1.174977977
1.174977977
1.174977977
1.174977977
1.174977977
1.174977977
1.174977977
1.174977977
1.174977977
1.174977977
1.174977977
1.174977977
1.174977977
1.174977977
1.174977977
1.174977977
1.17515213
1.17515213
1.17515213
1.17515213
1.17515213
1.17515213
1.17515213
1.17515213
1.17515213
1.17515213
1.17515213
1.17515213
1.17515213
1.17515213
1.17515213
1.17515213
1.17515213
1.17515213
1.17515213
1.17515213
1.17515213
1.17515213
1.17515213
1.17515213
1.17515213
1.175326283
1.175326283
1.175326283
1.175326283
1.175326283
1.175326283
1.175326283
1.175326283
1.175326283
1.175326283
1.175326283
1.175326283
1.175326283
1.175326283
1.175326283
1.175326283
1.175326283
1.175326283
1.175326283
1.175326283
1.175326283
1.175326283
1.175326283
1.175326283
1.175326283
1.175326283
1.175500435
1.175500435
1.175500435
1.175500435
1.175500435
1.175500435
1.175500435
1.175500435
1.175500435
1.175500435
1.175500435
1.175500435
1.175500435
1.175500435
1.175500435
1.175500435
1.175500435
1.175500435
1.175500435
1.175500435
1.175500435
1.175500435
1.175500435
1.175500435
1.175500435